7.443777965885169579e+01 4.592364675565575283e+01 1.047309352832921547e+02 8.765515355603136527e+01 1.047309352832921547e+02 8.174234139494292606e+01 1.066264526733639713e+02 1.047309352832921547e+02 6.868385443869875928e+01 1.066264526733639713e+02
4.592364675565575283e+01 1.799227897108915997e+01 1.047309352832921547e+02 9.053211616610784063e+01 1.047309352832921547e+02 7.484808401384985643e+01 1.066264526733639713e+02 1.047309352832921547e+02 7.443777965885169579e+01 1.066264526733639713e+02
1.047309352832921547e+02 1.047309352832921547e+02 1.066264526733639713e+02 1.025279356168488647e+02 1.005493644323163238e+02 1.040453202483614348e+02 9.460803906171531708e+01 1.018423205819181447e+02 1.047309352832921547e+02 1.003249359504055747e+02
8.765515355603136527e+01 9.053211616610784063e+01 1.025279356168488647e+02 1.066264526733639713e+02 1.025279356168488647e+02 9.763152572469999768e+01 8.610322234660820584e+01 8.830622201305149588e+01 5.975588319472200993e+01 7.188150874281083702e+01
1.047309352832921547e+02 1.047309352832921547e+02 1.005493644323163238e+02 1.025279356168488647e+02 1.066264526733639713e+02 9.171620113595625412e+01 9.903197980080375373e+01 9.477992307073458278e+01 1.047309352832921547e+02 1.003249359504055747e+02
8.174234139494292606e+01 7.484808401384985643e+01 1.040453202483614348e+02 9.763152572469999768e+01 9.171620113595623991e+01 1.028354178932203382e+02 1.066264526733639713e+02 9.698292273717787282e+01 8.863659877603600989e+01 1.066264526733639713e+02
1.066264526733639713e+02 1.066264526733639713e+02 9.460803906171530286e+01 8.610322234660820584e+01 9.903197980080375373e+01 1.066264526733639713e+02 9.402341922744717806e+01 7.782804192391039066e+01 1.066264526733639713e+02 5.066777052545889148e+01
1.047309352832921547e+02 1.047309352832921547e+02 1.018423205819181447e+02 8.830622201305149588e+01 9.477992307073458278e+01 9.698292273717787282e+01 7.782804192391039066e+01 1.066264526733639713e+02 1.047309352832921547e+02 5.655466870423408920e+01
6.868385443869875928e+01 7.443777965885169579e+01 1.047309352832921547e+02 5.975588319472200283e+01 1.047309352832921547e+02 8.863659877603600989e+01 1.066264526733639713e+02 1.047309352832921547e+02 8.691495257720303513e+00 1.066264526733639713e+02
1.066264526733639713e+02 1.066264526733639713e+02 1.003249359504055747e+02 7.188150874281083702e+01 1.003249359504055747e+02 1.066264526733639713e+02 5.066777052545889148e+01 5.655466870423408210e+01 1.066264526733639713e+02 1.058840052547474819e+01
