1.009667267291113433e+02 9.218472181283988220e+01 8.944428673964637255e+01 8.643590577748815917e+01 9.951029389925122359e+01 8.944428673964637255e+01 9.755662315319941058e+01 8.690851239477557044e+01 9.616503139246266585e+01 9.616503139246265164e+01
9.218472181283988220e+01 1.009667267291113433e+02 9.472049615771067010e+01 9.616133778100342511e+01 8.250025670041054582e+01 9.472049615771067010e+01 8.979387525212527521e+01 8.442197391176574683e+01 7.470309689952158294e+01 8.840228349138853048e+01
8.944428673964637255e+01 9.472049615771067010e+01 1.009667267291113433e+02 9.088512836293909913e+01 1.020460682441220399e+02 8.690566977386288272e+01 1.000923974980701985e+02 8.246907264736468335e+01 9.870080573733346796e+01 9.870080573733346796e+01
8.643590577748815917e+01 9.616133778100342511e+01 9.088512836293909913e+01 1.034869098674147665e+02 8.315300639919992420e+01 9.088512836293909913e+01 1.015332391213629535e+02 9.088512836293909913e+01 1.001416473606261945e+02 1.001416473606261945e+02
9.951029389925122359e+01 8.250025670041054582e+01 1.020460682441220399e+02 8.315300639919992420e+01 1.034869098674147665e+02 1.020460682441220399e+02 9.174754599817708822e+01 9.174754599817708822e+01 8.250025670041054582e+01 9.174754599817708822e+01
8.944428673964637255e+01 9.472049615771067010e+01 8.690566977386288272e+01 9.088512836293909913e+01 1.020460682441220399e+02 1.009667267291113433e+02 1.000923974980701985e+02 8.879835081683833664e+01 9.870080573733346796e+01 9.870080573733346796e+01
9.755662315319941058e+01 8.979387525212527521e+01 1.000923974980701985e+02 1.015332391213629535e+02 9.174754599817710243e+01 1.000923974980701985e+02 1.009667267291113433e+02 7.857279131763917235e+01 8.979387525212527521e+01 7.857279131763915814e+01
8.690851239477555623e+01 8.442197391176574683e+01 8.246907264736468335e+01 9.088512836293909913e+01 9.174754599817710243e+01 8.879835081683833664e+01 7.857279131763917235e+01 1.009667267291113433e+02 8.840228349138851627e+01 7.602191246535738856e+01
9.616503139246265164e+01 7.470309689952158294e+01 9.870080573733346796e+01 1.001416473606261945e+02 8.250025670041054582e+01 9.870080573733346796e+01 8.979387525212527521e+01 8.840228349138851627e+01 1.009667267291113433e+02 7.170637064632370539e+01
9.616503139246265164e+01 8.840228349138853048e+01 9.870080573733346796e+01 1.001416473606262088e+02 9.174754599817708822e+01 9.870080573733346796e+01 7.857279131763915814e+01 7.602191246535738856e+01 7.170637064632370539e+01 1.009667267291113433e+02
