5.674731856661300533e+00 1.012149936699117632e+02 1.012673271094146088e+02 1.012149936699117632e+02 1.012149936699117632e+02 1.012149936699117632e+02 6.178196380301625368e+01 1.012149936699117632e+02 1.012149936699117632e+02 1.012149936699117632e+02
1.012149936699117632e+02 9.052267782745563807e+01 1.012673271094146088e+02 1.000937360470477131e+02 1.000937360470477131e+02 1.000937360470477131e+02 1.006543648584797381e+02 1.000937360470477131e+02 1.000937360470477131e+02 1.000937360470477131e+02
1.012673271094146088e+02 1.012673271094146088e+02 1.715503855926360899e+00 1.012673271094146088e+02 1.012673271094146088e+02 1.012673271094146088e+02 1.012673271094146088e+02 1.012673271094146088e+02 1.012673271094146088e+02 1.012673271094146088e+02
1.012149936699117632e+02 1.000937360470477131e+02 1.012673271094146088e+02 2.684725929266369704e+01 9.740736281790155715e+01 9.325518434923512245e+01 7.758592637830916772e+01 9.325518434923512245e+01 7.568211095230405761e+01 9.325518434923512245e+01
1.012149936699117632e+02 1.000937360470477131e+02 1.012673271094146088e+02 9.740736281790155715e+01 6.527619334360643677e+01 6.645531689617712345e+01 9.931117824390665305e+01 7.224949859627734838e+01 6.804709225110437387e+01 7.224949859627734838e+01
1.012149936699117632e+02 1.000937360470477131e+02 1.012673271094146088e+02 9.325518434923512245e+01 6.645531689617710924e+01 9.740736281790155715e+01 9.723508900957344281e+01 6.624851373565672930e+01 8.729848121499456681e+01 5.884143689394098686e+01
6.178196380301625368e+01 1.006543648584797381e+02 1.012673271094146088e+02 7.758592637830916772e+01 9.931117824390665305e+01 9.723508900957342860e+01 1.012149936699117632e+02 9.723508900957342860e+01 7.675771946157533421e+01 9.723508900957344281e+01
1.012149936699117632e+02 1.000937360470477131e+02 1.012673271094146088e+02 9.325518434923512245e+01 7.224949859627734838e+01 6.624851373565672930e+01 9.723508900957344281e+01 9.740736281790155715e+01 8.729848121499456681e+01 6.321551705939744181e+01
1.012149936699117632e+02 1.000937360470477131e+02 1.012673271094146088e+02 7.568211095230405761e+01 6.804709225110437387e+01 8.729848121499456681e+01 7.675771946157533421e+01 8.729848121499456681e+01 9.740736281790155715e+01 8.729848121499455260e+01
1.012149936699117632e+02 1.000937360470477131e+02 1.012673271094146088e+02 9.325518434923512245e+01 7.224949859627734838e+01 5.884143689394098686e+01 9.723508900957344281e+01 6.321551705939744181e+01 8.729848121499455260e+01 9.740736281790155715e+01
