5.689053168425607376e-01 1.015915946468216902e+02 1.015915946468216902e+02 1.008791061850827191e+02 1.008791061850827191e+02 1.015915946468216902e+02 1.015915946468216902e+02 1.015915946468216902e+02 1.008791061850827191e+02 1.008791061850827191e+02
1.015915946468216902e+02 7.495665933676671955e+01 1.003906545035134030e+02 1.009911245751675466e+02 1.009911245751675466e+02 7.288519129612282654e+01 8.851203128278345389e+01 6.754237898787937411e+01 1.009911245751675466e+02 8.911250135443759746e+01
1.015915946468216902e+02 1.003906545035134030e+02 1.000978466642681468e+02 8.100277551032692713e+01 9.003964669334189352e+01 8.106594732971252881e+01 7.604591227429656897e+01 1.003906545035134030e+02 8.686446234550761858e+01 1.009911245751675466e+02
1.008791061850827191e+02 1.009911245751675466e+02 8.100277551032692713e+01 1.015915946468216902e+02 9.142004629354113376e+01 1.009179226153562325e+02 8.107597747013824119e+01 1.009911245751675466e+02 9.142004629354113376e+01 9.149324825335244782e+01
1.008791061850827191e+02 1.009911245751675466e+02 9.003964669334189352e+01 9.142004629354113376e+01 1.015915946468216902e+02 9.011284865315320758e+01 1.009179226153562325e+02 1.009911245751675466e+02 7.209354060604209735e+01 8.297181652805645058e+01
1.015915946468216902e+02 7.288519129612281233e+01 8.106594732971252881e+01 1.009179226153562325e+02 9.011284865315320758e+01 1.003906545035134030e+02 9.437814093333712151e+01 8.809284410146176469e+01 8.693766430531893263e+01 9.505181296480256492e+01
1.015915946468216902e+02 8.851203128278345389e+01 7.604591227429656897e+01 8.107597747013824119e+01 1.009179226153562325e+02 9.437814093333712151e+01 1.003906545035134030e+02 7.414166892171287770e+01 1.009179226153562325e+02 8.068145060373198874e+01
1.015915946468216902e+02 6.754237898787937411e+01 1.003906545035134030e+02 1.009911245751675466e+02 1.009911245751675466e+02 8.809284410146176469e+01 7.414166892171286349e+01 7.663340806205351896e+01 1.009911245751675466e+02 7.132691851438164576e+01
1.008791061850827191e+02 1.009911245751675466e+02 8.686446234550761858e+01 9.142004629354113376e+01 7.209354060604209735e+01 8.693766430531893263e+01 1.009179226153562325e+02 1.009911245751675466e+02 1.015915946468216902e+02 7.967792858165185521e+01
1.008791061850827191e+02 8.911250135443759746e+01 1.009911245751675466e+02 9.149324825335244782e+01 8.297181652805645058e+01 9.505181296480257913e+01 8.068145060373198874e+01 7.132691851438164576e+01 7.967792858165185521e+01 1.015915946468216902e+02
