1.040959173667739037e+02 8.231613972482708164e+01 8.991415558654824736e+01 1.027262300033940789e+02 8.895228387804236547e+01 1.027262300033940789e+02 1.020809207781216230e+02 1.025098420107060520e+02 1.027262300033940789e+02 7.517833775269065200e+01
8.231613972482708164e+01 6.973507326755297442e-02 1.027262300033940789e+02 1.013565426400142400e+02 8.094645236144724265e+01 1.013565426400142400e+02 1.040959173667739037e+02 1.009237666546382002e+02 1.013565426400142400e+02 6.053636208288024534e+01
8.991415558654824736e+01 1.027262300033940789e+02 1.040959173667739037e+02 8.091325199862977513e+01 1.024428237318743982e+02 1.021594174603547174e+02 1.020809207781216230e+02 8.119665827014945592e+01 1.021594174603547174e+02 1.027262300033940789e+02
1.027262300033940789e+02 1.013565426400142400e+02 8.091325199862977513e+01 1.002229175539355026e+02 9.585676557155086641e+01 6.405620113876584298e+01 1.040959173667739037e+02 7.762699190446880948e+01 6.098747879775958580e+01 1.013565426400142400e+02
8.895228387804236547e+01 8.094645236144724265e+01 1.024428237318743840e+02 9.585676557155086641e+01 1.013565426400142400e+02 9.092380104612685443e+01 1.040959173667739037e+02 1.008567483758065464e+02 9.092380104612685443e+01 5.856537712684377794e+01
1.027262300033940789e+02 1.013565426400142400e+02 1.021594174603547032e+02 6.405620113876584298e+01 9.092380104612685443e+01 2.390593965626320028e+01 1.040959173667739037e+02 1.007897300969748642e+02 2.360739322805797258e+01 1.013565426400142400e+02
1.020809207781216230e+02 1.040959173667739037e+02 1.020809207781216230e+02 1.040959173667739037e+02 1.040959173667739037e+02 1.040959173667739037e+02 1.984588250263015843e-02 1.040959173667739037e+02 1.040959173667739037e+02 1.040959173667739037e+02
1.025098420107060520e+02 1.009237666546382002e+02 8.119665827014947013e+01 7.762699190446879527e+01 1.008567483758065464e+02 1.007897300969748642e+02 1.040959173667739037e+02 1.013565426400142400e+02 1.007897300969748642e+02 1.009237666546382002e+02
1.027262300033940789e+02 1.013565426400142400e+02 1.021594174603547032e+02 6.098747879775958580e+01 9.092380104612685443e+01 2.360739322805797258e+01 1.040959173667739037e+02 1.007897300969748642e+02 2.788948472359619046e+01 1.013565426400142400e+02
7.517833775269065200e+01 6.053636208288024534e+01 1.027262300033940789e+02 1.013565426400142400e+02 5.856537712684378505e+01 1.013565426400142400e+02 1.040959173667739037e+02 1.009237666546382002e+02 1.013565426400142400e+02 2.097263450651573713e+00
