1.012684916209120587e+02 8.808053806479081516e+01 1.010311144130489254e+02 7.378039132336695616e+01 1.016579596779146613e+02 9.558055992409236978e+01 7.289009351313733021e+01 7.834064800209388579e+01 8.873112247065203917e+01 1.016579596779146613e+02
8.808053806479081516e+01 1.022848049427803971e+02 1.015392710739830875e+02 8.251129497190268580e+01 1.014843841046148185e+02 9.608871658502651769e+01 9.620740518895809146e+01 1.016579596779146613e+02 1.016579596779146613e+02 1.014843841046148185e+02
1.010311144130489254e+02 1.015392710739830875e+02 1.166156476487163474e-01 1.007937372051857778e+02 6.759448325089567788e+01 5.313157733336731781e+01 1.010311144130489254e+02 7.957237600956125334e+01 7.957237600956125334e+01 6.759448325089567788e+01
7.378039132336695616e+01 8.251129497190268580e+01 1.007937372051857778e+02 7.899151924935952707e+01 1.015392710739830875e+02 7.382572958414189657e+01 7.406310679200504410e+01 1.010311144130489254e+02 1.010311144130489254e+02 1.015392710739830875e+02
1.016579596779146613e+02 1.014843841046148185e+02 6.759448325089567788e+01 1.015392710739830875e+02 1.022848049427803971e+02 8.456687716243938269e+01 1.016579596779146613e+02 9.092859047617082524e+01 9.092859047617082524e+01 5.825338923594573970e+01
9.558055992409236978e+01 9.608871658502653190e+01 5.313157733336731781e+01 7.382572958414189657e+01 8.456687716243938269e+01 1.007937372051857778e+02 7.769818063995015223e+01 9.030174521130508936e+01 9.030174521130508936e+01 8.456687716243938269e+01
7.289009351313731599e+01 9.620740518895809146e+01 1.010311144130489254e+02 7.406310679200504410e+01 1.016579596779146613e+02 7.769818063995015223e+01 1.012684916209120587e+02 7.708042675109952313e+01 8.873112247065202496e+01 1.016579596779146613e+02
7.834064800209388579e+01 1.016579596779146613e+02 7.957237600956125334e+01 1.010311144130489254e+02 9.092859047617082524e+01 9.030174521130508936e+01 7.708042675109952313e+01 1.012684916209120587e+02 6.892309354857889048e+01 9.092859047617082524e+01
8.873112247065203917e+01 1.016579596779146613e+02 7.957237600956125334e+01 1.010311144130489254e+02 9.092859047617082524e+01 9.030174521130508936e+01 8.873112247065202496e+01 6.892309354857889048e+01 1.012684916209120587e+02 9.092859047617082524e+01
1.016579596779146613e+02 1.014843841046148185e+02 6.759448325089567788e+01 1.015392710739830875e+02 5.825338923594573970e+01 8.456687716243938269e+01 1.016579596779146613e+02 9.092859047617082524e+01 9.092859047617082524e+01 1.022848049427803971e+02
