8.097080373543508358e+01 1.002611787924813171e+02 8.824288466997968783e+01 6.698881001874582353e+01 9.766297699654907660e+01 8.167303309316660886e+01 9.766297699654906239e+01 9.766297699654907660e+01 1.002611787924813171e+02 8.297875392212827705e+01
1.002611787924813171e+02 8.188485309298809511e+01 1.004129092141500053e+02 1.002611787924813171e+02 8.464538846225231339e+01 8.464538846225231339e+01 8.464538846225229918e+01 7.357436971687543803e+01 6.902959813202329542e+01 1.002611787924813171e+02
8.824288466997968783e+01 1.004129092141500053e+02 1.005646396358187076e+02 8.824288466997968783e+01 9.911380831618389209e+01 9.306547843424124267e+01 9.911380831618387788e+01 9.911380831618389209e+01 1.004129092141500053e+02 9.429121455192233725e+01
6.698881001874582353e+01 1.002611787924813171e+02 8.824288466997968783e+01 8.097080373543508358e+01 9.766297699654907660e+01 8.108460676804480727e+01 9.766297699654906239e+01 9.766297699654907660e+01 1.002611787924813171e+02 6.805185849428039546e+01
9.766297699654906239e+01 8.464538846225231339e+01 9.911380831618389209e+01 9.766297699654906239e+01 1.002611787924813171e+02 7.661529360605526051e+01 6.232117692254639252e+01 7.135007132584877354e+01 5.505068608182028811e+01 8.107267933323835507e+01
8.167303309316660886e+01 8.464538846225231339e+01 9.306547843424124267e+01 8.108460676804480727e+01 7.661529360605526051e+01 1.002611787924813171e+02 7.460227729035108268e+01 8.794036898915948086e+01 5.699151398160199733e+01 9.413948413025363493e+01
9.766297699654907660e+01 8.464538846225231339e+01 9.911380831618387788e+01 9.766297699654907660e+01 6.232117692254639252e+01 7.460227729035108268e+01 1.002611787924813171e+02 7.364625230565061997e+01 5.699151398160199733e+01 8.336886031304020150e+01
9.766297699654906239e+01 7.357436971687543803e+01 9.911380831618389209e+01 9.766297699654906239e+01 7.135007132584877354e+01 8.794036898915948086e+01 7.364625230565061997e+01 1.002611787924813171e+02 7.821776098176991354e+01 7.559797771754797679e+01
1.002611787924813171e+02 6.902959813202329542e+01 1.004129092141500053e+02 1.002611787924813171e+02 5.505068608182028100e+01 5.699151398160199733e+01 5.699151398160199022e+01 7.821776098176991354e+01 1.656965670280373004e+01 1.002611787924813171e+02
8.297875392212827705e+01 1.002611787924813171e+02 9.429121455192233725e+01 6.805185849428038125e+01 8.107267933323834086e+01 9.413948413025363493e+01 8.336886031304020150e+01 7.559797771754799101e+01 1.002611787924813171e+02 9.506477520061682185e+01
