1.021560098208602483e+02 1.014484117934905782e+02 8.978079348654421210e+01 8.833677502377582869e+01 8.993973810640372335e+01 1.018267401027893584e+02 9.690784255744159736e+01 1.014484117934905782e+02 1.015371925125056407e+02 9.674889793758208612e+01
1.014484117934905782e+02 1.021560098208602483e+02 8.739509753996705399e+01 1.012290281040513094e+02 1.018267401027893584e+02 8.755404215982656524e+01 1.018267401027893584e+02 7.801565976227466592e+01 1.018267401027893584e+02 8.739509753996705399e+01
8.978079348654421210e+01 8.739509753996705399e+01 1.011795811449994602e+02 1.021560098208602483e+02 7.792377207335556477e+01 8.442078649228655252e+01 9.674889793758208612e+01 8.739509753996705399e+01 1.013782478926461579e+02 7.901367460900839035e+01
8.833677502377582869e+01 1.012290281040513094e+02 1.021560098208602483e+02 8.311033932271404012e+01 1.019856847226488412e+02 1.019856847226488412e+02 1.019856847226488412e+02 1.012290281040513094e+02 1.019856847226488412e+02 1.021560098208602483e+02
8.993973810640372335e+01 1.018267401027893584e+02 7.792377207335556477e+01 1.019856847226488412e+02 1.021560098208602483e+02 8.312312076406539063e+01 8.322160879278725076e+01 1.018267401027893584e+02 9.271977767261901704e+01 9.674889793758208612e+01
1.018267401027893584e+02 8.755404215982656524e+01 8.442078649228653831e+01 1.019856847226488412e+02 8.312312076406539063e+01 1.021560098208602483e+02 8.814050633813502600e+01 8.755404215982655103e+01 9.300932526290272051e+01 7.835296440551547903e+01
9.690784255744159736e+01 1.018267401027893584e+02 9.674889793758208612e+01 1.019856847226488412e+02 8.322160879278726497e+01 8.814050633813502600e+01 1.021560098208602483e+02 1.018267401027893584e+02 9.271977767261901704e+01 9.460449618946267947e+01
1.014484117934905782e+02 7.801565976227466592e+01 8.739509753996705399e+01 1.012290281040513094e+02 1.018267401027893584e+02 8.755404215982655103e+01 1.018267401027893584e+02 1.021560098208602483e+02 1.018267401027893584e+02 8.739509753996705399e+01
1.015371925125056407e+02 1.018267401027893584e+02 1.013782478926461579e+02 1.019856847226488412e+02 9.271977767261901704e+01 9.300932526290272051e+01 9.271977767261901704e+01 1.018267401027893584e+02 1.021560098208602483e+02 1.013782478926461437e+02
9.674889793758208612e+01 8.739509753996705399e+01 7.901367460900839035e+01 1.021560098208602483e+02 9.674889793758208612e+01 7.835296440551547903e+01 9.460449618946267947e+01 8.739509753996705399e+01 1.013782478926461579e+02 1.011795811449994602e+02
