4.780838977673580459e-01 1.011179151095702480e+02 8.729887611232189215e+01 8.729887611232189215e+01 9.782129249183068964e+01 9.452466987409113131e+01 1.011179151095702480e+02 7.347983711507353632e+01 1.011179151095702480e+02 7.347983711507353632e+01
1.011179151095702480e+02 1.424866222853751641e+00 9.396699737121025464e+01 6.498994866840388340e+01 9.396699737121025464e+01 1.011179151095702480e+02 8.681607963285024709e+01 1.011179151095702480e+02 8.681607963285024709e+01 1.011179151095702480e+02
8.729887611232189215e+01 9.396699737121025464e+01 1.011179151095702480e+02 7.564593949771253278e+01 8.073970838452697762e+01 9.782129249183068964e+01 5.239556903514601771e+01 6.173835959322966715e+01 6.912925953273054347e+01 6.452825405287885019e+01
8.729887611232189215e+01 6.498994866840388340e+01 7.564593949771253278e+01 1.011179151095702480e+02 9.589414493152048635e+01 9.782129249183068964e+01 9.396699737121025464e+01 6.173835959322966715e+01 9.396699737121025464e+01 6.452825405287885019e+01
9.782129249183068964e+01 9.396699737121025464e+01 8.073970838452697762e+01 9.589414493152048635e+01 1.011179151095702480e+02 5.445126030860510724e+01 6.365812427722327982e+01 9.782129249183068964e+01 7.525189695070210405e+01 9.782129249183068964e+01
9.452466987409113131e+01 1.011179151095702480e+02 9.782129249183068964e+01 9.782129249183068964e+01 5.445126030860510014e+01 1.067747028186586533e+01 1.011179151095702480e+02 9.452466987409113131e+01 1.011179151095702480e+02 9.452466987409113131e+01
1.011179151095702480e+02 8.681607963285024709e+01 5.239556903514601771e+01 9.396699737121025464e+01 6.365812427722327982e+01 1.011179151095702480e+02 5.102957859952224062e+00 1.011179151095702480e+02 3.812332354975668380e+01 1.011179151095702480e+02
7.347983711507353632e+01 1.011179151095702480e+02 6.173835959322967426e+01 6.173835959322967426e+01 9.782129249183068964e+01 9.452466987409113131e+01 1.011179151095702480e+02 2.793859299618743819e+01 1.011179151095702480e+02 2.171392817309092749e+01
1.011179151095702480e+02 8.681607963285024709e+01 6.912925953273054347e+01 9.396699737121025464e+01 7.525189695070210405e+01 1.011179151095702480e+02 3.812332354975668380e+01 1.011179151095702480e+02 7.257342413879158016e+01 1.011179151095702480e+02
7.347983711507353632e+01 1.011179151095702480e+02 6.452825405287885019e+01 6.452825405287885019e+01 9.782129249183068964e+01 9.452466987409113131e+01 1.011179151095702480e+02 2.171392817309092749e+01 1.011179151095702480e+02 3.644335869956396440e-02
