1.102016179716136861e+02 1.011101275690882773e+02 8.601367578270675551e+01 8.133231335628431680e+01 8.895265122029267957e+01 9.239065639432395471e+01 8.601367578270675551e+01 9.707201882074639343e+01 8.895265122029267957e+01 9.767212239505700211e+01
1.011101275690882773e+02 1.000948546632466503e+02 7.627432209800667806e+01 9.201863716656288261e+01 9.201863716656288261e+01 8.532064043445666357e+01 7.356791126411897608e+01 6.957632536590045902e+01 9.201863716656288261e+01 8.100967942365440422e+01
8.601367578270675551e+01 7.627432209800667806e+01 8.394241966987908654e+01 6.434879970155355977e+01 7.582305206942537268e+01 7.256306051135044299e+01 4.887882166178112442e+01 5.908600294987353152e+01 7.582305206942537268e+01 8.858063199253159326e+01
8.133231335628431680e+01 9.201863716656286840e+01 6.434879970155355977e+01 6.521696996418933168e+01 6.508097288102072753e+01 6.038637113652328026e+01 6.434879970155355977e+01 8.394241966987908654e+01 6.043558316286681276e+01 8.514262681850031811e+01
8.895265122029267957e+01 9.201863716656286840e+01 7.582305206942537268e+01 6.508097288102072753e+01 7.019039897375398596e+01 7.320034048147442718e+01 7.582305206942537268e+01 8.394241966987908654e+01 5.532907204338572882e+01 7.205274504854955353e+01
9.239065639432395471e+01 8.532064043445666357e+01 7.256306051135044299e+01 6.038637113652328026e+01 7.320034048147442718e+01 8.394241966987908654e+01 7.256306051135044299e+01 6.045031801363954571e+01 6.855495076332053372e+01 8.858063199253159326e+01
8.601367578270675551e+01 7.356791126411899029e+01 4.887882166178112442e+01 6.434879970155355977e+01 7.582305206942537268e+01 7.256306051135044299e+01 8.394241966987908654e+01 6.150010786921669137e+01 7.582305206942537268e+01 8.858063199253159326e+01
9.707201882074639343e+01 6.957632536590047323e+01 5.908600294987352441e+01 8.394241966987908654e+01 8.394241966987908654e+01 6.045031801363954571e+01 6.150010786921669137e+01 5.715043274145425301e+01 8.394241966987908654e+01 9.201863716656286840e+01
8.895265122029267957e+01 9.201863716656286840e+01 7.582305206942537268e+01 6.043558316286681276e+01 5.532907204338572882e+01 6.855495076332053372e+01 7.582305206942537268e+01 8.394241966987908654e+01 7.019039897375398596e+01 7.414736872847416294e+01
9.767212239505700211e+01 8.100967942365440422e+01 8.858063199253159326e+01 8.514262681850031811e+01 7.205274504854955353e+01 8.858063199253159326e+01 8.858063199253159326e+01 9.201863716656288261e+01 7.414736872847416294e+01 1.000948546632466503e+02
