4.787968986184285569e-01 9.864064926396282829e+01 1.009709362706544198e+02 9.864064926396282829e+01 9.859981968903986171e+01 9.864064926396282829e+01 9.864064926396282829e+01 9.864064926396282829e+01 9.864064926396282829e+01 9.864064926396282829e+01
9.864064926396282829e+01 9.728808822997032735e+01 7.975693109281237980e+01 6.198133291811719658e+01 8.319533809595924367e+01 5.277588654450929084e+01 5.734344563689008822e+01 8.895731631952776297e+01 7.322696364787867651e+01 5.749661097622959005e+01
1.009709362706544198e+02 7.975693109281236559e+01 1.033012232773460113e+02 6.310642800545754483e+01 8.586376536114897817e+01 5.921920643196656897e+01 7.880716968136012213e+01 9.196388384321561205e+01 7.623353117156652559e+01 6.050317849991743913e+01
9.864064926396282829e+01 6.198133291811719658e+01 6.310642800545753772e+01 3.821196562594103341e+01 6.790260707784017313e+01 2.667457760626407293e+01 6.103157150666496733e+01 8.062654440908521281e+01 5.429254704165007439e+01 2.795854967421494308e+01
9.859981968903986171e+01 8.319533809595925788e+01 8.586376536114896396e+01 6.790260707784015892e+01 9.864064926396282829e+01 6.842630744495193085e+01 8.319533809595925788e+01 8.963359683652402055e+01 7.902995214073797570e+01 6.842630744495193085e+01
9.864064926396282829e+01 5.277588654450929084e+01 5.921920643196656897e+01 2.667457760626407648e+01 6.842630744495193085e+01 9.675115523649253646e+00 5.621263890827871990e+01 8.062654440908521281e+01 4.916583906578703278e+01 1.770513372248885631e+01
9.864064926396282829e+01 5.734344563689008822e+01 7.880716968136013634e+01 6.103157150666497444e+01 8.319533809595925788e+01 5.621263890827871990e+01 9.728808822997032735e+01 8.895731631952776297e+01 7.322696364787867651e+01 5.749661097622959005e+01
9.864064926396282829e+01 8.895731631952776297e+01 9.196388384321561205e+01 8.062654440908521281e+01 8.963359683652402055e+01 8.062654440908521281e+01 8.895731631952776297e+01 7.984570176723380930e-02 4.727440874866574916e+01 8.062654440908521281e+01
9.864064926396282829e+01 7.322696364787867651e+01 7.623353117156652559e+01 5.429254704165008150e+01 7.902995214073797570e+01 4.916583906578703278e+01 7.322696364787867651e+01 4.727440874866574916e+01 8.062654440908521281e+01 4.329716441669124549e+01
9.864064926396282829e+01 5.749661097622959005e+01 6.050317849991743202e+01 2.795854967421494308e+01 6.842630744495193085e+01 1.770513372248885631e+01 5.749661097622959005e+01 8.062654440908521281e+01 4.329716441669124549e+01 9.664322177140793890e-01
