1.002190350153241525e+02 9.689860375325784503e+01 1.017325970921223899e+02 9.689860375325784503e+01 9.689860375325784503e+01 1.009744312904151542e+02 9.689860375325784503e+01 9.689860375325784503e+01 1.009744312904151542e+02 1.009744312904151542e+02
9.689860375325784503e+01 1.009744312904151542e+02 8.474843047139215457e+01 6.926200256860772697e+01 6.364349139649469578e+01 6.733338552457514936e+01 8.345366495960639952e+01 6.170191328316705892e+01 9.217955447322766815e+01 7.874402116865502421e+01
1.017325970921223899e+02 8.474843047139215457e+01 1.024907628938296256e+02 9.139754246190551612e+01 8.249467586109707895e+01 5.999606619783175887e+01 9.896678456662195345e+01 8.474843047139215457e+01 9.293772027493490384e+01 8.198261794589170393e+01
9.689860375325784503e+01 6.926200256860771276e+01 9.139754246190551612e+01 1.009744312904151542e+02 7.029260338700804311e+01 8.030432202998140667e+01 8.345366495960639952e+01 7.588442285488996220e+01 9.217955447322766815e+01 8.787356413469784400e+01
9.689860375325784503e+01 6.364349139649469578e+01 8.249467586109707895e+01 7.029260338700804311e+01 1.009744312904151542e+02 6.507963091428007374e+01 8.345366495960639952e+01 6.923531086437660065e+01 9.217955447322766815e+01 8.122445214418446824e+01
1.009744312904151542e+02 6.733338552457514936e+01 5.999606619783176598e+01 8.030432202998140667e+01 6.507963091428007374e+01 3.434691470997606899e+01 9.544280623941426711e+01 6.733338552457514936e+01 8.338467765604018211e+01 6.180176047357426228e+01
9.689860375325784503e+01 8.345366495960639952e+01 9.896678456662195345e+01 8.345366495960638531e+01 8.345366495960639952e+01 9.544280623941426711e+01 1.009744312904151542e+02 7.416244318744780628e+01 9.544280623941426711e+01 7.526641340963138305e+01
9.689860375325784503e+01 6.170191328316705892e+01 8.474843047139215457e+01 7.588442285488996220e+01 6.923531086437660065e+01 6.733338552457514936e+01 7.416244318744780628e+01 1.009744312904151542e+02 9.217955447322766815e+01 7.874402116865502421e+01
1.009744312904151542e+02 9.217955447322766815e+01 9.293772027493490384e+01 9.217955447322766815e+01 9.217955447322766815e+01 8.338467765604018211e+01 9.544280623941426711e+01 9.217955447322766815e+01 6.108522854710694894e+00 8.664792942222678107e+01
1.009744312904151542e+02 7.874402116865502421e+01 8.198261794589171814e+01 8.787356413469784400e+01 8.122445214418448245e+01 6.180176047357426228e+01 7.526641340963138305e+01 7.874402116865502421e+01 8.664792942222678107e+01 8.991118118841338003e+01
