4.831552239192372866e+01 1.002214698673270874e+02 1.002214698673270874e+02 9.524889369297787312e+01 1.049529248048079211e+02 1.025871973360675042e+02 9.664133715780209855e+01 9.664133715780209855e+01 1.049529248048079211e+02 9.664133715780209855e+01
1.002214698673270874e+02 2.784232342819403883e+01 5.257836168442884173e+01 1.025871973360675042e+02 1.049529248048079211e+02 9.321654329808393413e+01 1.025871973360675042e+02 1.025871973360675042e+02 1.049529248048079211e+02 1.025871973360675042e+02
1.002214698673270874e+02 5.257836168442884173e+01 8.148016179135996140e+01 1.025871973360675042e+02 1.049529248048079211e+02 7.515067833240601658e+01 1.025871973360675042e+02 1.025871973360675042e+02 1.049529248048079211e+02 1.025871973360675042e+02
9.524889369297787312e+01 1.025871973360675042e+02 1.025871973360675042e+02 1.049529248048079211e+02 7.535307521726322477e+01 8.897013627666537161e+01 9.332648978922132699e+01 7.693189710958365879e+01 7.227749081683525390e+01 8.292162178710468368e+01
1.049529248048079211e+02 1.049529248048079211e+02 1.049529248048079211e+02 7.535307521726322477e+01 3.887772257023437428e-01 5.309572626422405506e+01 9.001164242064055543e+01 7.535307521726322477e+01 3.362385895853039841e+01 7.535307521726322477e+01
1.025871973360675042e+02 9.321654329808393413e+01 7.515067833240601658e+01 8.897013627666537161e+01 5.309572626422406216e+01 1.049529248048079211e+02 9.629941987835402983e+01 8.897013627666537161e+01 6.928839188166915619e+01 8.897013627666537161e+01
9.664133715780209855e+01 1.025871973360675042e+02 1.025871973360675042e+02 9.332648978922132699e+01 9.001164242064055543e+01 9.629941987835402983e+01 1.049529248048079211e+02 7.222762894689110169e+01 9.001164242064055543e+01 7.161220014015003699e+01
9.664133715780209855e+01 1.025871973360675042e+02 1.025871973360675042e+02 7.693189710958364458e+01 7.535307521726322477e+01 8.897013627666537161e+01 7.222762894689110169e+01 1.049529248048079211e+02 7.227749081683525390e+01 6.182276094477445838e+01
1.049529248048079211e+02 1.049529248048079211e+02 1.049529248048079211e+02 7.227749081683525390e+01 3.362385895853039841e+01 6.928839188166915619e+01 9.001164242064055543e+01 7.227749081683525390e+01 4.575322562971853557e+01 6.658361705326615265e+01
9.664133715780209855e+01 1.025871973360675042e+02 1.025871973360675042e+02 8.292162178710468368e+01 7.535307521726322477e+01 8.897013627666537161e+01 7.161220014015003699e+01 6.182276094477445838e+01 6.658361705326615265e+01 1.049529248048079211e+02
