5.747583983622362780e+00 1.030286064286923704e+02 1.007860073173205819e+02 1.007341319691710737e+02 1.007341319691710737e+02 1.030286064286923704e+02 1.007860073173205819e+02 1.007860073173205819e+02 1.053230808882136529e+02 7.783861239901925444e+01
1.030286064286923704e+02 1.053230808882136529e+02 7.883659083424907976e+01 8.358324144401517231e+01 8.774446218202393766e+01 6.358871252544898311e+01 8.785583040978164604e+01 8.785583040978164604e+01 7.830913976866006010e+01 1.030545441027671245e+02
1.007860073173205819e+02 7.883659083424909397e+01 1.008378826654700902e+02 8.134064233264338384e+01 8.550186307065214919e+01 8.666870137159496323e+01 7.218335725369232136e+01 7.218335725369232136e+01 1.053230808882136529e+02 1.006322804590981832e+02
1.007341319691710737e+02 8.358324144401517231e+01 8.134064233264339805e+01 8.849604295515091223e+01 7.933094321549256733e+01 8.045167142956212558e+01 8.252777137083006664e+01 8.252777137083006664e+01 1.053230808882136529e+02 1.007860073173205819e+02
1.007341319691710737e+02 8.774446218202393766e+01 8.550186307065214919e+01 7.933094321549256733e+01 6.479644865023607148e-01 8.774446218202393766e+01 8.550186307065214919e+01 8.550186307065214919e+01 1.053230808882136529e+02 1.007860073173205819e+02
1.030286064286923704e+02 6.358871252544898311e+01 8.666870137159496323e+01 8.045167142956212558e+01 8.774446218202393766e+01 1.053230808882136529e+02 8.785583040978164604e+01 8.785583040978164604e+01 7.831573732295167645e+01 1.030545441027671245e+02
1.007860073173205819e+02 8.785583040978164604e+01 7.218335725369232136e+01 8.252777137083006664e+01 8.550186307065214919e+01 8.785583040978164604e+01 1.008378826654700902e+02 5.742450550067099613e+01 1.053230808882136529e+02 1.006322804590981832e+02
1.007860073173205819e+02 8.785583040978164604e+01 7.218335725369232136e+01 8.252777137083006664e+01 8.550186307065214919e+01 8.785583040978164604e+01 5.742450550067099613e+01 1.008378826654700902e+02 1.053230808882136529e+02 1.006322804590981832e+02
1.053230808882136529e+02 7.830913976866006010e+01 1.053230808882136529e+02 1.053230808882136529e+02 1.053230808882136529e+02 7.831573732295167645e+01 1.053230808882136529e+02 1.053230808882136529e+02 9.409886023449320192e+01 1.053230808882136529e+02
7.783861239901925444e+01 1.030545441027671245e+02 1.006322804590981832e+02 1.007860073173205819e+02 1.007860073173205819e+02 1.030545441027671245e+02 1.006322804590981832e+02 1.006322804590981832e+02 1.053230808882136529e+02 1.008378826654700902e+02
