1.038990229641885179e+02 1.023287129576624039e+02 1.023287129576624039e+02 8.406360834367733048e+01 8.647716573289000053e+01 9.451169726877638766e+01 7.310615339790510347e+01 8.816046296319699138e+01 9.440293934527620934e+01 8.647716573289000053e+01
1.023287129576624039e+02 6.593606140355727518e+01 3.637988743921039259e+01 1.025462288046627748e+02 1.007584029511362900e+02 1.009759187981366608e+02 1.007584029511362900e+02 8.987802070925999942e+01 8.005735835074374052e+01 1.007584029511362900e+02
1.023287129576624039e+02 3.637988743921039259e+01 1.082735380801937453e+01 1.025462288046627748e+02 1.007584029511362900e+02 1.009759187981366608e+02 1.007584029511362900e+02 8.987802070925999942e+01 7.676748452414068424e+01 1.007584029511362900e+02
8.406360834367733048e+01 1.025462288046627748e+02 1.025462288046627748e+02 1.038990229641885179e+02 1.025462288046627748e+02 1.022613875498470009e+02 1.025462288046627748e+02 8.826922088669718391e+01 1.025462288046627748e+02 1.025462288046627748e+02
8.647716573289000053e+01 1.007584029511362900e+02 1.007584029511362900e+02 1.025462288046627748e+02 1.839434517902675381e+01 7.389307350708817523e+01 5.337725989485780076e+01 1.023287129576624039e+02 5.831568569324770834e+01 4.659271236903931879e+01
9.451169726877638766e+01 1.009759187981366608e+02 1.009759187981366608e+02 1.022613875498470009e+02 7.389307350708817523e+01 1.011934346451370317e+02 7.950872254022620211e+01 1.024374708811625965e+02 8.743449615261241092e+01 6.458978762831334564e+01
7.310615339790510347e+01 1.007584029511362900e+02 1.007584029511362900e+02 1.025462288046627748e+02 5.337725989485780076e+01 7.950872254022620211e+01 6.905530850159146894e+01 1.023287129576624039e+02 7.706783142299705958e+01 5.782401043531538676e+01
8.816046296319699138e+01 8.987802070925999942e+01 8.987802070925999942e+01 8.826922088669718391e+01 1.023287129576624039e+02 1.024374708811625965e+02 1.023287129576624039e+02 1.038990229641885179e+02 9.610336683346120878e+01 1.023287129576624039e+02
9.440293934527620934e+01 8.005735835074374052e+01 7.676748452414068424e+01 1.025462288046627748e+02 5.831568569324770124e+01 8.743449615261242513e+01 7.706783142299704537e+01 9.610336683346120878e+01 1.007584029511362900e+02 7.367555766008780438e+01
8.647716573289000053e+01 1.007584029511362900e+02 1.007584029511362900e+02 1.025462288046627748e+02 4.659271236903931879e+01 6.458978762831334564e+01 5.782401043531539386e+01 1.023287129576624039e+02 7.367555766008780438e+01 2.974805142250005918e+00
