1.001136340350839333e+02 6.178912751874496223e+01 1.007958552589734040e+02 1.035043541185914080e+02 1.035043541185914080e+02 1.035043541185914080e+02 1.035043541185914080e+02 8.832446183028166331e+01 1.021501046887824202e+02 8.338733516491025455e+01
6.178912751874496223e+01 2.689664705037345627e+01 1.007958552589734040e+02 1.035043541185914080e+02 1.035043541185914080e+02 1.035043541185914080e+02 1.035043541185914080e+02 7.483992958372566306e+01 1.021501046887824202e+02 6.508308841873262907e+01
1.007958552589734040e+02 1.007958552589734040e+02 7.627244321650941572e+01 1.035043541185914080e+02 1.035043541185914080e+02 1.035043541185914080e+02 1.035043541185914080e+02 1.021501046887824060e+02 7.870469206431411635e+01 1.021501046887824060e+02
1.035043541185914080e+02 1.035043541185914080e+02 1.035043541185914080e+02 1.760287866953848024e+01 6.200321018873286505e+01 6.200321018873286505e+01 3.727036396303002164e+01 8.255422092316563010e+01 8.295334338415864295e+01 6.027877312772000806e+01
1.035043541185914080e+02 1.035043541185914080e+02 1.035043541185914080e+02 6.200321018873286505e+01 6.240233264972587790e+01 4.020786124135469208e+01 5.177859457853980274e+01 7.118304881647702587e+01 7.498786433631462955e+01 8.275378215366214363e+01
1.035043541185914080e+02 1.035043541185914080e+02 1.035043541185914080e+02 6.200321018873286505e+01 4.020786124135469208e+01 6.240233264972587790e+01 4.776563493272346506e+01 6.793375766216803413e+01 7.498786433631462955e+01 8.275378215366214363e+01
1.035043541185914080e+02 1.035043541185914080e+02 1.035043541185914080e+02 3.727036396303002164e+01 5.177859457853980274e+01 4.776563493272346506e+01 6.240233264972587790e+01 8.275378215366214363e+01 7.498786433631462955e+01 7.175347988911178732e+01
8.832446183028167752e+01 7.483992958372566306e+01 1.021501046887824202e+02 8.255422092316563010e+01 7.118304881647702587e+01 6.793375766216803413e+01 8.275378215366214363e+01 1.035043541185914080e+02 9.255172403647051738e+01 7.869707525344563237e+01
1.021501046887824060e+02 1.021501046887824060e+02 7.870469206431413056e+01 8.295334338415864295e+01 7.498786433631462955e+01 7.498786433631462955e+01 7.498786433631462955e+01 9.255172403647053159e+01 1.035043541185914080e+02 9.255172403647053159e+01
8.338733516491026876e+01 6.508308841873264328e+01 1.021501046887824202e+02 6.027877312772000806e+01 8.275378215366214363e+01 8.275378215366214363e+01 7.175347988911178732e+01 7.869707525344563237e+01 9.255172403647051738e+01 1.035043541185914080e+02
