1.023106955986167037e+02 6.764639707247791023e+01 8.718320680479523332e+01 6.907188186129073415e+01 1.015001079205680554e+02 8.748676894755868716e+01 8.917957937783860700e+01 1.015001079205680554e+02 8.917957937783860700e+01 8.945003813809351811e+01
6.764639707247791023e+01 2.019224067410202217e+00 7.205571801097377715e+01 1.023106955986167037e+02 1.006895202425194071e+02 7.372291113039314325e+01 1.006435024791973376e+02 1.006895202425194071e+02 1.006435024791973376e+02 1.011844199997071598e+02
8.718320680479523332e+01 7.205571801097377715e+01 9.897630935977797151e+01 1.023106955986167037e+02 1.006895202425194071e+02 7.610808820222678150e+01 9.621329117352918558e+01 1.006895202425194071e+02 9.621329117352918558e+01 1.011844199997071598e+02
6.907188186129073415e+01 1.023106955986167037e+02 1.023106955986167037e+02 5.312061695434306330e+01 1.023106955986167037e+02 1.012506267647242311e+02 6.587274705151602916e+01 1.023106955986167037e+02 6.755669057953343781e+01 6.755669057953343781e+01
1.015001079205680554e+02 1.006895202425193929e+02 1.006895202425193929e+02 1.023106955986167037e+02 1.013208960842412125e+02 1.015001079205680412e+02 1.015001079205680412e+02 6.442867755876999070e+01 1.015001079205680554e+02 7.753376428089083561e+01
8.748676894755868716e+01 7.372291113039314325e+01 7.610808820222678150e+01 1.012506267647242311e+02 1.015001079205680412e+02 1.023106955986167037e+02 1.009470646219607772e+02 1.015001079205680412e+02 1.009470646219607772e+02 1.012175233822156883e+02
8.917957937783860700e+01 1.006435024791973376e+02 9.621329117352918558e+01 6.587274705151602916e+01 1.015001079205680412e+02 1.009470646219607772e+02 1.023106955986167037e+02 1.015001079205680412e+02 7.085676610991752966e+01 7.929107244114707953e+01
1.015001079205680554e+02 1.006895202425193929e+02 1.006895202425193929e+02 1.023106955986167037e+02 6.442867755876999070e+01 1.015001079205680412e+02 1.015001079205680412e+02 1.013208960842412125e+02 1.015001079205680554e+02 7.809047260077325348e+01
8.917957937783860700e+01 1.006435024791973376e+02 9.621329117352919980e+01 6.755669057953343781e+01 1.015001079205680554e+02 1.009470646219607914e+02 7.085676610991752966e+01 1.015001079205680554e+02 1.023106955986167037e+02 7.707978453429197430e+01
8.945003813809351811e+01 1.011844199997071598e+02 1.011844199997071598e+02 6.755669057953343781e+01 7.753376428089083561e+01 1.012175233822156883e+02 7.929107244114707953e+01 7.809047260077325348e+01 7.707978453429197430e+01 1.023106955986167037e+02
