5.207017983591879329e+01 1.001579399280021221e+02 1.001579399280021221e+02 9.297833420382775671e+01 1.001579399280021221e+02 5.908054465756764984e+01 7.191463473283491226e+01 9.313872758795457685e+01 7.191463473283491226e+01 1.003183333121289422e+02
1.001579399280021221e+02 9.126180281758105650e+01 6.019428734087726696e+01 9.368859456399385977e+01 8.480572869627614807e+01 1.001579399280021221e+02 9.368859456399385977e+01 1.003183333121289422e+02 8.811787873009166105e+01 8.827827211421848119e+01
1.001579399280021221e+02 6.019428734087726696e+01 2.782609973376072299e-01 9.166731775519613734e+01 8.721924919998559744e+01 1.001579399280021221e+02 9.166731775519613734e+01 1.003183333121289422e+02 8.052588608739173992e+01 8.068627947151856006e+01
9.297833420382775671e+01 9.368859456399385977e+01 9.166731775519613734e+01 1.001579399280021221e+02 8.486125615802127697e+01 7.627020339724170128e+01 7.377805125810498055e+01 7.630163893354671245e+01 9.232282597951194703e+01 9.607302222572594985e+01
1.001579399280021221e+02 8.480572869627614807e+01 8.721924919998559744e+01 8.486125615802127697e+01 9.126180281758105650e+01 1.001579399280021221e+02 8.486125615802126276e+01 1.003183333121289422e+02 9.368859456399385977e+01 9.384898794812067990e+01
5.908054465756764273e+01 1.001579399280021221e+02 1.001579399280021221e+02 7.627020339724170128e+01 1.001579399280021221e+02 8.579872847965337712e+01 8.034677189376856177e+01 7.643059678136852142e+01 8.034677189376856177e+01 1.003183333121289422e+02
7.191463473283491226e+01 9.368859456399385977e+01 9.166731775519613734e+01 7.377805125810498055e+01 8.486125615802126276e+01 8.034677189376856177e+01 1.001579399280021221e+02 9.672853045004175954e+01 7.735788852535978322e+01 9.607302222572594985e+01
9.313872758795457685e+01 1.003183333121289422e+02 1.003183333121289422e+02 7.630163893354671245e+01 1.003183333121289422e+02 7.643059678136852142e+01 9.672853045004175954e+01 1.004787266962557766e+02 9.672853045004175954e+01 1.003123728998996143e+02
7.191463473283491226e+01 8.811787873009166105e+01 8.052588608739173992e+01 9.232282597951194703e+01 9.368859456399385977e+01 8.034677189376856177e+01 7.735788852535978322e+01 9.672853045004175954e+01 1.001579399280021221e+02 7.824699351339265263e+01
1.003183333121289422e+02 8.827827211421848119e+01 8.068627947151856006e+01 9.607302222572594985e+01 9.384898794812067990e+01 1.003183333121289422e+02 9.607302222572594985e+01 1.003123728998996000e+02 7.824699351339265263e+01 1.004787266962557766e+02
