1.131495877396404026e+01 1.045115330494090671e+02 1.045115330494090671e+02 1.045115330494090671e+02 1.045115330494090671e+02 9.799646099744600747e+01 1.026356885504732190e+02 1.045115330494090671e+02 1.026356885504732190e+02 1.045115330494090671e+02
1.045115330494090671e+02 7.909962539710429041e+01 7.570371938916774468e+01 6.624360168269146243e+01 5.696799035236551845e+01 8.537756736605025765e+01 8.537756736605025765e+01 6.624360168269146243e+01 8.537756736605025765e+01 6.672728792634953265e+01
1.045115330494090671e+02 7.570371938916774468e+01 8.516383709564402693e+01 6.749580531320623322e+01 6.838575642258378195e+01 8.600366918130765725e+01 8.600366918130765725e+01 6.749580531320623322e+01 8.600366918130765725e+01 7.481376827979019595e+01
1.045115330494090671e+02 6.624360168269146243e+01 6.749580531320623322e+01 2.687346690113641579e+00 3.931692116119631919e+01 6.487889870176154261e+01 6.487889870176154261e+01 1.377365597355893279e+01 6.487889870176154261e+01 5.217294487560915428e+01
1.045115330494090671e+02 5.696799035236551845e+01 6.838575642258378195e+01 3.931692116119631919e+01 5.338757796827862734e+01 6.642027253341842652e+01 6.642027253341842652e+01 3.469015126903713764e+01 7.104550684583315956e+01 5.370241971901736378e+01
9.799646099744600747e+01 8.537756736605025765e+01 8.600366918130765725e+01 6.487889870176154261e+01 6.642027253341842652e+01 1.045115330494090671e+02 7.765172651838172158e+01 6.025212880960235395e+01 8.288857336664784725e+01 7.284828439062484051e+01
1.026356885504732190e+02 8.537756736605025765e+01 8.600366918130765725e+01 6.487889870176154261e+01 6.642027253341842652e+01 7.765172651838172158e+01 1.045115330494090671e+02 6.025212880960235395e+01 6.580862904127515378e+01 7.284828439062484051e+01
1.045115330494090671e+02 6.624360168269146243e+01 6.749580531320623322e+01 1.377365597355893456e+01 3.469015126903713764e+01 6.025212880960235395e+01 6.025212880960235395e+01 2.524626435411401459e+01 6.401017844229200193e+01 4.754617498344997273e+01
1.026356885504732190e+02 8.537756736605025765e+01 8.600366918130765725e+01 6.487889870176154261e+01 7.104550684583315956e+01 8.288857336664784725e+01 6.580862904127515378e+01 6.401017844229200193e+01 1.045115330494090671e+02 7.747351870303957355e+01
1.045115330494090671e+02 6.672728792634953265e+01 7.481376827979019595e+01 5.217294487560915428e+01 5.370241971901736378e+01 7.284828439062484051e+01 7.284828439062484051e+01 4.754617498344996562e+01 7.747351870303957355e+01 7.909962539710429041e+01
