8.513123033659529426e+01 1.012125018005447004e+02 1.012125018005447004e+02 8.196331955120322732e+01 1.012125018005447004e+02 1.012125018005447004e+02 9.632300775959124906e+01 6.671506427259917871e+01 9.265908058019424232e+01 9.632300775959124906e+01
1.012125018005447004e+02 2.202357736529551602e+01 3.102831216649799728e+01 1.012125018005447004e+02 3.041510426640508058e+01 5.860750400305977337e+01 6.736604461774243191e+01 1.012125018005447004e+02 6.564193192144820443e+01 1.007391904238892835e+02
1.012125018005447004e+02 3.102831216649799728e+01 3.304653127187364703e+01 1.012125018005447004e+02 3.173081776913936380e+01 6.564709560686594614e+01 6.736604461774243191e+01 1.012125018005447004e+02 6.638572422882867841e+01 1.007391904238892835e+02
8.196331955120322732e+01 1.012125018005447004e+02 1.012125018005447004e+02 9.143351371863779775e+01 1.012125018005447004e+02 1.012125018005447004e+02 7.574502530390986976e+01 8.828237202761654601e+01 9.474743691408062318e+01 7.973387810136580356e+01
1.012125018005447004e+02 3.041510426640508058e+01 3.173081776913936380e+01 1.012125018005447004e+02 3.075884649045845975e+01 6.534049165681948068e+01 6.736604461774243191e+01 1.012125018005447004e+02 6.204783843195761506e+01 1.007391904238892835e+02
1.012125018005447004e+02 5.860750400305977337e+01 6.564709560686594614e+01 1.012125018005447004e+02 6.534049165681948068e+01 1.002658790472338808e+02 8.405261752081585769e+01 1.012125018005447004e+02 8.319056117266873684e+01 1.007131416012305749e+02
9.632300775959124906e+01 6.736604461774243191e+01 6.736604461774243191e+01 7.574502530390988397e+01 6.736604461774243191e+01 8.405261752081585769e+01 1.012125018005447004e+02 9.632300775959124906e+01 8.184452618866684759e+01 8.194196943351482787e+01
6.671506427259919292e+01 1.012125018005447004e+02 1.012125018005447004e+02 8.828237202761654601e+01 1.012125018005447004e+02 1.012125018005447004e+02 9.632300775959124906e+01 8.308008838309226007e+01 7.812160589705948155e+01 9.632300775959124906e+01
9.265908058019424232e+01 6.564193192144820443e+01 6.638572422882869262e+01 9.474743691408062318e+01 6.204783843195761506e+01 8.319056117266875106e+01 8.184452618866684759e+01 7.812160589705948155e+01 1.012125018005447004e+02 9.853109909174027337e+01
9.632300775959124906e+01 1.007391904238892835e+02 1.007391904238892835e+02 7.973387810136580356e+01 1.007391904238892835e+02 1.007131416012305749e+02 8.194196943351482787e+01 9.632300775959124906e+01 9.853109909174027337e+01 1.012125018005447004e+02
