1.001943495315346269e+02 7.244627363196859449e+01 8.102768061653831921e+01 8.620788575443792467e+01 8.620788575443792467e+01 8.917034283710989939e+01 6.999343256671664903e+01 7.295588964938863796e+01 6.874367337236105868e+01 8.558300615726011529e+01
7.244627363196859449e+01 4.960387986290646722e+01 9.331168786071557975e+01 6.802343806950273120e+01 6.781713747260403125e+01 7.703234143737290651e+01 3.337748746301840441e+01 4.242713996781775165e+01 1.001943495315346269e+02 1.013083442368469065e+02
8.102768061653831921e+01 9.331168786071557975e+01 1.001943495315346269e+02 9.786701340143737582e+01 9.786701340143737582e+01 9.786701340143737582e+01 9.331168786071557975e+01 9.331168786071557975e+01 6.332476379276493361e+01 8.221173459609772749e+01
8.620788575443792467e+01 6.802343806950273120e+01 9.786701340143739003e+01 1.024223389421591861e+02 7.287438719329979619e+01 8.137367454374992803e+01 6.003376673647264283e+01 6.853305408692277467e+01 1.013083442368469065e+02 9.351167594348692091e+01
8.620788575443792467e+01 6.781713747260403125e+01 9.786701340143739003e+01 7.287438719329979619e+01 1.024223389421591861e+02 6.716956757565141345e+01 5.978671700264476385e+01 6.737195945548741349e+01 1.013083442368469065e+02 8.116439765848345189e+01
8.917034283710989939e+01 7.703234143737290651e+01 9.786701340143737582e+01 8.137367454374992803e+01 6.716956757565141345e+01 1.024223389421591861e+02 7.703234143737290651e+01 6.922931800072771580e+01 1.013083442368469065e+02 8.116439765848346610e+01
6.999343256671664903e+01 3.337748746301840441e+01 9.331168786071557975e+01 6.003376673647264283e+01 5.978671700264476385e+01 7.703234143737290651e+01 1.924701726655134948e+00 3.439671949785848426e+01 1.001943495315346269e+02 1.013083442368469065e+02
7.295588964938863796e+01 4.242713996781775165e+01 9.331168786071557975e+01 6.853305408692277467e+01 6.737195945548741349e+01 6.922931800072773001e+01 3.439671949785848426e+01 5.164234393258662692e+01 1.001943495315346269e+02 1.013083442368469065e+02
6.874367337236105868e+01 1.001943495315346269e+02 6.332476379276494072e+01 1.013083442368469065e+02 1.013083442368469065e+02 1.013083442368469065e+02 1.001943495315346269e+02 1.001943495315346269e+02 3.597492373790042830e+00 6.443875849807722034e+01
8.558300615726011529e+01 1.013083442368469065e+02 8.221173459609772749e+01 9.351167594348692091e+01 8.116439765848345189e+01 8.116439765848345189e+01 1.013083442368469065e+02 1.013083442368469065e+02 6.443875849807722034e+01 1.024223389421591861e+02
