4.233534743195566108e+01 1.015657521767334970e+02 1.015657521767334970e+02 1.009377464557702240e+02 1.015657521767334970e+02 1.015657521767334970e+02 1.004985138447120221e+02 1.015657521767334970e+02 1.015657521767334970e+02 1.015657521767334970e+02
1.015657521767334970e+02 5.353181752363068568e+01 4.129282943769877789e+01 7.622082484773019928e+01 5.019733954961517242e+01 4.575421239858784617e+01 1.015657521767334970e+02 5.087589751872692290e+01 5.053661853417104766e+01 4.575421239858784617e+01
1.015657521767334970e+02 4.129282943769878500e+01 5.353181752363068568e+01 7.622082484773019928e+01 4.525730042967562383e+01 5.053661853417104766e+01 1.015657521767334970e+02 5.087589751872692290e+01 4.562337662069068500e+01 5.053661853417104766e+01
1.009377464557702098e+02 7.622082484773021349e+01 7.622082484773021349e+01 1.015657521767334970e+02 7.754878485018210199e+01 7.609380202837448337e+01 8.266239717565113665e+01 6.732464842653055825e+01 7.254235515769774167e+01 7.233107811901491857e+01
1.015657521767334970e+02 5.019733954961517242e+01 4.525730042967562383e+01 7.754878485018208778e+01 4.675567274976291543e+01 5.019733954961517242e+01 1.015657521767334970e+02 5.353181752363068568e+01 3.970389884657750201e+01 5.019733954961517242e+01
1.015657521767334970e+02 4.575421239858784617e+01 5.053661853417104766e+01 7.609380202837448337e+01 5.019733954961517242e+01 5.353181752363068568e+01 1.015657521767334970e+02 5.062185188001546976e+01 5.040959571481532464e+01 4.397112499217696779e+01
1.004985138447120221e+02 1.015657521767334970e+02 1.015657521767334970e+02 8.266239717565113665e+01 1.015657521767334970e+02 1.015657521767334970e+02 1.006872869546171216e+02 1.015657521767334970e+02 1.015657521767334970e+02 1.015657521767334970e+02
1.015657521767334970e+02 5.087589751872692290e+01 5.087589751872692290e+01 6.732464842653055825e+01 5.353181752363068568e+01 5.062185188001546976e+01 1.015657521767334970e+02 3.350609875369327995e+01 3.706965658743669678e+01 4.122002892738949242e+01
1.015657521767334970e+02 5.053661853417104766e+01 4.562337662069068500e+01 7.254235515769772746e+01 3.970389884657750201e+01 5.040959571481532464e+01 1.015657521767334970e+02 3.706965658743669678e+01 5.353181752363068568e+01 4.685814884413857584e+01
1.015657521767334970e+02 4.575421239858784617e+01 5.053661853417104766e+01 7.233107811901490436e+01 5.019733954961517242e+01 4.397112499217696779e+01 1.015657521767334970e+02 4.122002892738949242e+01 4.685814884413857584e+01 5.353181752363068568e+01
