6.427877693607479159e+01 8.006463983783503124e+01 1.016009974850240667e+02 7.894313654935253055e+01 7.686963345837887118e+01 1.017423338224090372e+02 1.013677161259005715e+02 1.017423338224090372e+02 1.002462128374180850e+02 1.027225007735065674e+02
8.006463983783503124e+01 1.027225007735065674e+02 1.020224013421552627e+02 8.182346118949837432e+01 6.583045274889917664e+01 1.020930695108477408e+02 1.019057606625935222e+02 1.020930695108477408e+02 1.014843568054623262e+02 1.024438051992864587e+02
1.016009974850240667e+02 1.020224013421552627e+02 1.027225007735065674e+02 8.234639583172209143e+01 1.020224013421552627e+02 9.235001349071841048e+01 9.227934532202593232e+01 8.391476553785375359e+01 8.234639583172209143e+01 8.295769315902776952e+01
7.894313654935253055e+01 8.182346118949837432e+01 8.234639583172209143e+01 1.004794941965415802e+02 8.911481915295172485e+01 1.017423338224090372e+02 1.014843568054623262e+02 1.017423338224090372e+02 7.848796992044854903e+01 1.027225007735065674e+02
7.686963345837887118e+01 6.583045274889917664e+01 1.020224013421552627e+02 8.911481915295172485e+01 1.027225007735065674e+02 1.020930695108477408e+02 1.019057606625935080e+02 1.020930695108477408e+02 1.014843568054623120e+02 1.024438051992864587e+02
1.017423338224090230e+02 1.020930695108477551e+02 9.235001349071841048e+01 1.017423338224090230e+02 1.020930695108477408e+02 1.027225007735065674e+02 8.327908156156240693e+01 6.958830992168164187e+01 1.017423338224090230e+02 6.481582930071576243e+01
1.013677161259005857e+02 1.019057606625935080e+02 9.227934532202593232e+01 1.014843568054623262e+02 1.019057606625935080e+02 8.327908156156240693e+01 1.027225007735065674e+02 9.235001349071841048e+01 7.803351687984709883e+01 5.678283805173656162e+01
1.017423338224090230e+02 1.020930695108477551e+02 8.391476553785375359e+01 1.017423338224090230e+02 1.020930695108477408e+02 6.958830992168164187e+01 9.235001349071841048e+01 1.027225007735065674e+02 1.017423338224090230e+02 8.295769315902776952e+01
1.002462128374180708e+02 1.014843568054623262e+02 8.234639583172209143e+01 7.848796992044854903e+01 1.014843568054623120e+02 1.017423338224090372e+02 7.803351687984709883e+01 1.017423338224090372e+02 1.004794941965415802e+02 1.027225007735065674e+02
1.027225007735065674e+02 1.024438051992864587e+02 8.295769315902776952e+01 1.027225007735065674e+02 1.024438051992864587e+02 6.481582930071576243e+01 5.678283805173656162e+01 8.295769315902776952e+01 1.027225007735065674e+02 1.871059482463111712e+00
