1.055980582180136054e+02 8.067561104017967466e+01 8.238570414029310029e+01 1.027072533914178933e+02 8.981558495616725679e+01 8.981558495616725679e+01 8.262426213852518231e+01 1.008314061317863661e+02 8.981558495616725679e+01 9.475403233913431222e+01
8.067561104017967466e+01 2.621865495760929576e+01 1.055980582180136054e+02 1.055980582180136054e+02 6.050796862799910514e+01 6.798916178248900621e+01 7.403311169432092242e+01 9.895555887215485313e+01 6.050796862799910514e+01 1.055980582180136054e+02
8.238570414029310029e+01 1.055980582180136054e+02 9.981644856482218131e+01 8.527560804556185303e+01 1.055980582180136054e+02 1.055980582180136054e+02 1.055980582180136054e+02 9.543683313178772210e+01 1.055980582180136054e+02 9.186322751253860019e+01
1.027072533914178933e+02 1.055980582180136054e+02 8.527560804556185303e+01 4.021986417723522500e+00 1.055980582180136054e+02 1.055980582180136054e+02 1.055980582180136054e+02 5.828574438885741671e+01 1.055980582180136054e+02 9.981644856482218131e+01
8.981558495616725679e+01 6.050796862799910514e+01 1.055980582180136054e+02 1.055980582180136054e+02 9.231305952629611511e+01 6.811817670777796252e+01 7.114015166369392773e+01 8.692262492554026210e+01 5.605973830542596659e+01 1.055980582180136054e+02
8.981558495616725679e+01 6.798916178248900621e+01 1.055980582180136054e+02 1.055980582180136054e+02 6.811817670777796252e+01 9.231305952629611511e+01 7.057554332916379281e+01 8.472032879069749356e+01 6.811817670777796252e+01 1.055980582180136054e+02
8.262426213852518231e+01 7.403311169432092242e+01 1.055980582180136054e+02 1.055980582180136054e+02 7.114015166369392773e+01 7.057554332916379281e+01 9.231305952629611511e+01 8.635801659101012717e+01 7.114015166369392773e+01 1.055980582180136054e+02
1.008314061317863661e+02 9.895555887215485313e+01 9.543683313178772210e+01 5.828574438885741671e+01 8.692262492554026210e+01 8.472032879069749356e+01 8.635801659101012717e+01 1.055980582180136054e+02 8.692262492554026210e+01 1.027072533914178933e+02
8.981558495616725679e+01 6.050796862799910514e+01 1.055980582180136054e+02 1.055980582180136054e+02 5.605973830542596659e+01 6.811817670777796252e+01 7.114015166369392773e+01 8.692262492554026210e+01 9.231305952629611511e+01 1.055980582180136054e+02
9.475403233913431222e+01 1.055980582180136054e+02 9.186322751253860019e+01 9.981644856482218131e+01 1.055980582180136054e+02 1.055980582180136054e+02 1.055980582180136054e+02 1.027072533914178933e+02 1.055980582180136054e+02 7.821100341053655036e+00
