5.149573736500978605e-01 5.218173992949374451e+01 7.639192417190722040e+01 1.057007252327358628e+02 1.027273405763616410e+02 1.027273405763616410e+02 1.027273405763616410e+02 1.057007252327358628e+02 1.057007252327358628e+02 1.027273405763616410e+02
5.218173992949374451e+01 7.020366871031117562e+00 5.370487822549230827e+01 1.057007252327358628e+02 1.027273405763616410e+02 1.027273405763616410e+02 1.027273405763616410e+02 1.057007252327358628e+02 1.057007252327358628e+02 1.027273405763616410e+02
7.639192417190722040e+01 5.370487822549230827e+01 1.006021084143207105e+02 1.057007252327358628e+02 1.027273405763616410e+02 1.027273405763616410e+02 1.027273405763616410e+02 1.057007252327358628e+02 1.057007252327358628e+02 1.027273405763616410e+02
1.057007252327358628e+02 1.057007252327358628e+02 1.057007252327358628e+02 7.488016897395534954e+01 1.057007252327358628e+02 1.057007252327358628e+02 1.057007252327358628e+02 4.127007677022831444e+01 7.765363848908899058e+01 1.057007252327358628e+02
1.027273405763616410e+02 1.027273405763616410e+02 1.027273405763616410e+02 1.057007252327358628e+02 1.709144745523630826e-01 6.342735161822325551e+01 6.022057034981142465e+01 1.057007252327358628e+02 1.057007252327358628e+02 9.909032199860655510e+01
1.027273405763616410e+02 1.027273405763616410e+02 1.027273405763616410e+02 1.057007252327358628e+02 6.342735161822325551e+01 9.909032199860655510e+01 7.521922077029189779e+01 1.057007252327358628e+02 1.057007252327358628e+02 7.280628374370382971e+01
1.027273405763616410e+02 1.027273405763616410e+02 1.027273405763616410e+02 1.057007252327358628e+02 6.022057034981142465e+01 7.521922077029188358e+01 9.909032199860655510e+01 1.057007252327358628e+02 1.057007252327358628e+02 8.701108992236052586e+01
1.057007252327358628e+02 1.057007252327358628e+02 1.057007252327358628e+02 4.127007677022831444e+01 1.057007252327358628e+02 1.057007252327358628e+02 1.057007252327358628e+02 1.799075235927310334e+00 7.765363848908899058e+01 1.057007252327358628e+02
1.057007252327358628e+02 1.057007252327358628e+02 1.057007252327358628e+02 7.765363848908899058e+01 1.057007252327358628e+02 1.057007252327358628e+02 1.057007252327358628e+02 7.765363848908899058e+01 3.109219215896855126e-01 1.057007252327358628e+02
1.027273405763616410e+02 1.027273405763616410e+02 1.027273405763616410e+02 1.057007252327358628e+02 9.909032199860655510e+01 7.280628374370382971e+01 8.701108992236052586e+01 1.057007252327358628e+02 1.057007252327358628e+02 1.569172627370726936e+00
