9.907929678886807778e+01 1.002549129922000191e+02 8.789170305265955108e+01 8.500366397764770454e+01 1.022246618588709168e+02 6.581291722975359448e+01 1.002549129922000191e+02 1.008918581288081953e+02 1.020979408260306087e+02 8.992930206994688547e+01
1.002549129922000191e+02 2.222165223462839734e+00 5.477009311524794555e+01 1.022246618588709168e+02 5.673984198191885042e+01 1.002549129922000191e+02 1.844390840577175439e+01 1.008918581288081953e+02 1.022246618588709168e+02 1.005733855605041072e+02
8.789170305265955108e+01 5.477009311524794555e+01 1.002549129922000191e+02 9.015535597016344127e+01 7.813925026349296843e+01 7.611630121478503952e+01 5.934941069898589205e+01 1.008918581288081953e+02 1.021613013424507699e+02 9.022320612077987789e+01
8.500366397764770454e+01 1.022246618588709168e+02 9.015535597016344127e+01 1.041944107255418288e+02 9.520675999631583863e+01 6.672991278109643076e+01 1.022246618588709168e+02 1.025431344271750049e+02 9.514339947989569168e+01 9.203371870329874582e+01
1.022246618588709168e+02 5.673984198191885042e+01 7.813925026349295422e+01 9.520675999631583863e+01 1.041944107255418288e+02 1.022246618588709168e+02 6.131915956565678982e+01 1.025431344271750049e+02 8.447611557013837569e+01 1.023838981430229751e+02
6.581291722975359448e+01 1.002549129922000191e+02 7.611630121478503952e+01 6.672991278109643076e+01 1.022246618588709168e+02 1.153623556574300713e+00 1.002549129922000191e+02 1.008918581288081953e+02 1.020979408260306087e+02 7.987302668105564862e+01
1.002549129922000191e+02 1.844390840577175439e+01 5.934941069898588495e+01 1.022246618588709168e+02 6.131915956565678982e+01 1.002549129922000191e+02 1.202898963494927642e+01 1.008918581288081953e+02 1.022246618588709168e+02 1.005733855605041072e+02
1.008918581288081953e+02 1.008918581288081953e+02 1.008918581288081953e+02 1.025431344271750049e+02 1.025431344271750049e+02 1.008918581288081953e+02 1.008918581288081953e+02 2.986881127593817453e+01 1.025431344271750049e+02 5.996719031141893197e+01
1.020979408260306087e+02 1.022246618588709168e+02 1.021613013424507699e+02 9.514339947989569168e+01 8.447611557013837569e+01 1.020979408260306087e+02 1.022246618588709168e+02 1.025431344271750049e+02 1.041944107255418288e+02 1.023205376266028139e+02
8.992930206994688547e+01 1.005733855605041072e+02 9.022320612077987789e+01 9.203371870329874582e+01 1.023838981430229751e+02 7.987302668105564862e+01 1.005733855605041072e+02 5.996719031141893197e+01 1.023205376266027997e+02 1.008918581288081953e+02
