2.695573159299553989e+00 1.010906209977003272e+02 1.010906209977003272e+02 6.566310792519125528e+00 6.044201252055378148e+01 1.019572222404227091e+02 1.019572222404227091e+02 8.896998483350697029e+01 7.022502229196120993e+01 1.028238234831450768e+02
1.010906209977003272e+02 1.812588996518721274e+01 2.614342065675608140e+01 1.010906209977003272e+02 7.491928996171938593e+01 8.275301713313898233e+01 8.275301713313898233e+01 1.019572222404227091e+02 8.188641589041661462e+01 1.028238234831450768e+02
1.010906209977003272e+02 2.614342065675608140e+01 2.753888236091854402e+00 1.010906209977003272e+02 7.491928996171938593e+01 8.275301713313898233e+01 8.275301713313898233e+01 1.019572222404227091e+02 8.188641589041661462e+01 1.028238234831450768e+02
6.566310792519125528e+00 1.010906209977003272e+02 1.010906209977003272e+02 2.580653125957185434e+00 6.044201252055378148e+01 1.019572222404227091e+02 1.019572222404227091e+02 8.896998483350697029e+01 7.022502229196120993e+01 1.028238234831450768e+02
6.044201252055377438e+01 7.491928996171938593e+01 7.491928996171938593e+01 6.044201252055377438e+01 1.010906209977003272e+02 9.235511968678083861e+01 9.235511968678083861e+01 9.546360353696483969e+01 7.605571909118891938e+01 1.028238234831450768e+02
1.019572222404227091e+02 8.275301713313898233e+01 8.275301713313898233e+01 1.019572222404227091e+02 9.235511968678083861e+01 1.028238234831450768e+02 7.361346930368037533e+01 9.835814278874839545e+01 8.530094085837779971e+01 9.475906333707408180e+01
1.019572222404227091e+02 8.275301713313898233e+01 8.275301713313898233e+01 1.019572222404227091e+02 9.235511968678083861e+01 7.361346930368037533e+01 1.028238234831450768e+02 7.864533408678282456e+01 8.530094085837779971e+01 6.664557477868598312e+01
8.896998483350697029e+01 1.019572222404227091e+02 1.019572222404227091e+02 8.896998483350697029e+01 9.546360353696483969e+01 9.835814278874839545e+01 7.864533408678282456e+01 1.028238234831450768e+02 9.546360353696483969e+01 6.664557477868599733e+01
7.022502229196120993e+01 8.188641589041661462e+01 8.188641589041661462e+01 7.022502229196120993e+01 7.605571909118890517e+01 8.530094085837779971e+01 8.530094085837779971e+01 9.546360353696483969e+01 1.010906209977003272e+02 1.028238234831450768e+02
1.028238234831450768e+02 1.028238234831450768e+02 1.028238234831450768e+02 1.028238234831450768e+02 1.028238234831450768e+02 9.475906333707408180e+01 6.664557477868599733e+01 6.664557477868599733e+01 1.028238234831450768e+02 4.171578970138157416e+01
