5.704435575598086672e+01 6.946737280823052174e+01 1.020408611404705539e+02 4.777561771827385684e+01 5.028371988716731522e+01 5.433858865609016675e+01 7.915705770833174881e+01 6.944700504139312613e+01 1.039755267605733309e+02 7.527955659613431294e+01
6.946737280823052174e+01 1.039755267605733309e+02 1.004002742322279289e+02 7.527955659613432715e+01 7.527955659613432715e+01 7.780417415838640238e+01 9.019848264552189221e+01 7.347343906835973826e+01 1.023276246175823871e+02 8.632098153332447055e+01
1.020408611404705539e+02 1.004002742322279289e+02 1.039755267605733309e+02 1.020408611404705539e+02 1.020408611404705539e+02 1.020408611404705539e+02 1.023168261365639751e+02 1.004002742322279431e+02 1.023276246175823871e+02 1.023168261365639893e+02
4.777561771827385684e+01 7.527955659613431294e+01 1.020408611404705539e+02 5.704435575598086672e+01 4.494288939360075830e+01 5.433858865609016675e+01 7.915705770833174881e+01 7.527955659613431294e+01 1.039755267605733309e+02 7.274750853672749429e+01
5.028371988716731522e+01 7.527955659613431294e+01 1.020408611404705539e+02 4.494288939360075830e+01 5.704435575598086672e+01 5.433858865609016675e+01 7.915705770833174881e+01 7.527955659613431294e+01 1.039755267605733309e+02 7.274750853672749429e+01
5.433858865609016675e+01 7.780417415838640238e+01 1.020408611404705539e+02 5.433858865609016675e+01 5.433858865609016675e+01 2.352615541867606741e-01 5.433187019680585195e+01 7.780417415838640238e+01 1.039755267605733309e+02 7.780417415838640238e+01
7.915705770833174881e+01 9.019848264552189221e+01 1.023168261365639751e+02 7.915705770833174881e+01 7.915705770833174881e+01 5.433187019680585195e+01 1.039755267605733309e+02 9.019848264552190642e+01 8.246306744447707615e+01 7.015917133844780551e+01
6.944700504139311192e+01 7.347343906835973826e+01 1.004002742322279431e+02 7.527955659613431294e+01 7.527955659613431294e+01 7.780417415838640238e+01 9.019848264552190642e+01 1.039755267605733309e+02 1.023276246175824156e+02 8.632098153332447055e+01
1.039755267605733309e+02 1.023276246175823871e+02 1.023276246175823871e+02 1.039755267605733309e+02 1.039755267605733309e+02 1.039755267605733309e+02 8.246306744447709036e+01 1.023276246175824156e+02 1.012100555047414758e+02 8.255347982558329534e+01
7.527955659613431294e+01 8.632098153332447055e+01 1.023168261365639893e+02 7.274750853672748008e+01 7.274750853672748008e+01 7.780417415838640238e+01 7.015917133844779130e+01 8.632098153332447055e+01 8.255347982558328113e+01 1.039755267605733309e+02
