6.536226614683702252e+00 1.007683520503075130e+02 9.255225814899586112e+01 9.255225814899586112e+01 8.386857071415961684e+01 1.015347897446163614e+02 1.012359455838321054e+02 1.015347897446163472e+02 9.285110230978011714e+01 9.255225814899586112e+01
1.007683520503075130e+02 1.012359455838321054e+02 8.675270228151521223e+01 7.832860288120784276e+01 1.007683520503075130e+02 8.728534320906175026e+01 7.029209706980427086e+01 8.484038776614312383e+01 1.013009929778540652e+02 7.832860288120784276e+01
9.255225814899586112e+01 8.675270228151521223e+01 1.012359455838321054e+02 7.957758763957546932e+01 5.745199745056494578e+01 8.427819624454384950e+01 6.972990554820499653e+01 8.728534320906175026e+01 9.412587833591430808e+01 7.957758763957546932e+01
9.255225814899586112e+01 7.832860288120784276e+01 7.957758763957546932e+01 1.012359455838321054e+02 8.641812276642801294e+01 8.728534320906175026e+01 7.029209706980427086e+01 8.484038776614312383e+01 8.083065914140681230e+01 5.634401328777944684e+01
8.386857071415961684e+01 1.007683520503075130e+02 5.745199745056494578e+01 8.641812276642801294e+01 1.584813141100965694e+01 1.015347897446163614e+02 1.012359455838321054e+02 1.015347897446163472e+02 8.671696692721226896e+01 8.641812276642801294e+01
1.015347897446163472e+02 8.728534320906175026e+01 8.427819624454383529e+01 8.728534320906175026e+01 1.015347897446163472e+02 1.018336339054006032e+02 6.312302686886534531e+01 6.567086380009740765e+01 8.097341322868931002e+01 8.728534320906175026e+01
1.012359455838321054e+02 7.029209706980428507e+01 6.972990554820499653e+01 7.029209706980428507e+01 1.012359455838321054e+02 6.312302686886534531e+01 4.423815944161369629e+01 6.270448825550027294e+01 1.015347897446163472e+02 7.029209706980428507e+01
1.015347897446163614e+02 8.484038776614312383e+01 8.728534320906175026e+01 8.484038776614312383e+01 1.015347897446163614e+02 6.567086380009740765e+01 6.270448825550027294e+01 1.018336339054006032e+02 8.097341322868931002e+01 8.484038776614312383e+01
9.285110230978010293e+01 1.013009929778540652e+02 9.412587833591430808e+01 8.083065914140681230e+01 8.671696692721226896e+01 8.097341322868931002e+01 1.015347897446163614e+02 8.097341322868931002e+01 1.018336339054006032e+02 7.673193123275623861e+01
9.255225814899586112e+01 7.832860288120784276e+01 7.957758763957546932e+01 5.634401328777944684e+01 8.641812276642801294e+01 8.728534320906175026e+01 7.029209706980427086e+01 8.484038776614312383e+01 7.673193123275623861e+01 1.012359455838321054e+02
