6.217158413936523687e+00 6.109377691324175430e+01 6.786807174113826591e+01 6.786807174113826591e+01 9.291658646495625362e+01 8.935323560096408357e+01 1.026365766786225038e+02 7.758806195480451606e+01 7.758806195480451606e+01 7.758806195480451606e+01
6.109377691324175430e+01 1.026365766786225038e+02 8.525232420988038484e+01 8.525232420988038484e+01 9.030663057794831161e+01 8.852495514595223369e+01 8.769667469094038381e+01 8.971437738366060444e+01 7.230906093701709381e+01 8.971437738366059023e+01
6.786807174113826591e+01 8.525232420988038484e+01 8.319659625128998925e+01 6.556234674527024708e+01 9.218864377323984627e+01 9.113491103296016149e+01 1.026365766786225038e+02 8.368755499371255269e+01 8.368755499371255269e+01 7.832553042102884433e+01
6.786807174113826591e+01 8.525232420988038484e+01 6.556234674527024708e+01 8.319659625128998925e+01 9.218864377323984627e+01 9.113491103296016149e+01 1.026365766786225038e+02 7.367913658644803832e+01 7.335345446929349578e+01 8.368755499371255269e+01
9.291658646495625362e+01 9.030663057794831161e+01 9.218864377323984627e+01 9.218864377323984627e+01 1.026365766786225038e+02 8.023799409541717864e+01 6.564172033995590994e+01 9.737863963873644479e+01 9.030663057794831161e+01 9.737863963873644479e+01
8.935323560096408357e+01 8.852495514595223369e+01 9.113491103296017570e+01 9.113491103296017570e+01 8.023799409541717864e+01 1.026365766786225038e+02 7.029539066131249569e+01 9.559696420674036688e+01 8.852495514595223369e+01 9.559696420674038109e+01
1.026365766786225038e+02 8.769667469094039802e+01 1.026365766786225038e+02 1.026365766786225038e+02 6.564172033995590994e+01 7.029539066131249569e+01 4.342618251487123615e+01 1.018406928125166644e+02 8.769667469094038381e+01 1.018406928125166502e+02
7.758806195480451606e+01 8.971437738366060444e+01 8.368755499371255269e+01 7.367913658644803832e+01 9.737863963873644479e+01 9.559696420674036688e+01 1.018406928125166502e+02 1.026365766786225038e+02 7.814118976022824370e+01 7.023850130708204631e+01
7.758806195480451606e+01 7.230906093701707960e+01 8.368755499371255269e+01 7.335345446929350999e+01 9.030663057794831161e+01 8.852495514595223369e+01 8.769667469094039802e+01 7.814118976022824370e+01 1.026365766786225038e+02 8.814960816749275807e+01
7.758806195480451606e+01 8.971437738366057602e+01 7.832553042102884433e+01 8.368755499371255269e+01 9.737863963873644479e+01 9.559696420674038109e+01 1.018406928125166644e+02 7.023850130708204631e+01 8.814960816749275807e+01 1.026365766786225038e+02
