3.443879465165483111e+01 9.096474329399458725e+01 9.096474329399458725e+01 9.123453727183118644e+01 8.089640062609861104e+01 1.015726739175637761e+02 1.015726739175637761e+02 9.096474329399458725e+01 1.013028799397271769e+02 6.409240293493387242e+01
9.096474329399458725e+01 1.010330859618905635e+02 6.986696513132449127e+01 8.737727846242259488e+01 8.871889570541296166e+01 1.015726739175637761e+02 1.015726739175637761e+02 7.105047248538221538e+01 9.249500675416564377e+01 9.465095816046104460e+01
9.096474329399458725e+01 6.986696513132449127e+01 1.010330859618905635e+02 9.418100820974959220e+01 8.871889570541296166e+01 1.015726739175637761e+02 1.015726739175637761e+02 7.105047248538220117e+01 9.249500675416564377e+01 9.465095816046104460e+01
9.123453727183118644e+01 8.737727846242259488e+01 9.418100820974959220e+01 1.015726739175637761e+02 8.898868968324957507e+01 7.132112894969307604e+01 7.609566382340969426e+01 9.514578481148836886e+01 7.959569929057676063e+01 9.626870860577918165e+01
8.089640062609861104e+01 8.871889570541296166e+01 8.871889570541296166e+01 8.898868968324957507e+01 4.523504232744900122e+01 1.015726739175637761e+02 1.015726739175637761e+02 6.762165640715564052e+01 1.013028799397271769e+02 9.096474329399458725e+01
1.015726739175637761e+02 1.015726739175637761e+02 1.015726739175637761e+02 7.132112894969307604e+01 1.015726739175637761e+02 2.494308633215636917e+01 4.568147095027653393e+01 1.015726739175637761e+02 7.132112894969307604e+01 1.015726739175637761e+02
1.015726739175637761e+02 1.015726739175637761e+02 1.015726739175637761e+02 7.609566382340968005e+01 1.015726739175637761e+02 4.568147095027653393e+01 6.016772347668881338e+01 1.015726739175637761e+02 7.609566382340968005e+01 1.015726739175637761e+02
9.096474329399458725e+01 7.105047248538221538e+01 7.105047248538221538e+01 9.514578481148836886e+01 6.762165640715564052e+01 1.015726739175637761e+02 1.015726739175637761e+02 1.010330859618905635e+02 9.249500675416564377e+01 9.465095816046104460e+01
1.013028799397271627e+02 9.249500675416564377e+01 9.249500675416565798e+01 7.959569929057676063e+01 1.013028799397271627e+02 7.132112894969307604e+01 7.609566382340969426e+01 9.249500675416564377e+01 1.015726739175637761e+02 9.995492347224563900e+01
6.409240293493387242e+01 9.465095816046104460e+01 9.465095816046104460e+01 9.626870860577918165e+01 9.096474329399458725e+01 1.015726739175637761e+02 1.015726739175637761e+02 9.465095816046104460e+01 9.995492347224563900e+01 1.010330859618905635e+02
