1.022236755493908902e+02 8.199981011191121638e+01 8.526044750861638022e+01 7.262472703868593271e+01 7.597918115659123828e+01 9.998816994641464362e+01 1.014050831409824411e+02 9.998816994641464362e+01 7.223468621610999207e+01 8.526044750861638022e+01
8.199981011191121638e+01 1.022236755493908902e+02 9.642219134776721035e+01 9.497486728376941301e+01 9.857125675184684610e+01 9.634804463496979565e+01 1.014050831409824411e+02 9.783910454233500786e+01 9.857125675184684610e+01 9.642219134776721035e+01
8.526044750861638022e+01 9.642219134776721035e+01 9.491883795430280202e+01 8.526044750861638022e+01 6.501441731524067791e+01 9.642219134776721035e+01 1.022236755493908902e+02 7.975856574284350131e+01 6.858226741856594799e+01 5.731355456499358070e+01
7.262472703868593271e+01 9.497486728376941301e+01 8.526044750861638022e+01 1.022236755493908902e+02 7.597918115659123828e+01 9.998816994641464362e+01 1.014050831409824411e+02 9.998816994641464362e+01 7.223468621610999207e+01 8.526044750861638022e+01
7.597918115659123828e+01 9.857125675184684610e+01 6.501441731524067791e+01 7.597918115659123828e+01 5.779377254620222715e+01 9.857125675184684610e+01 1.022236755493908902e+02 9.857125675184684610e+01 5.001973471451566411e+01 6.684497922197178355e+01
9.998816994641464362e+01 9.634804463496979565e+01 9.642219134776721035e+01 9.998816994641464362e+01 9.857125675184684610e+01 1.022236755493908902e+02 7.986106132726760620e+01 9.599142711195679567e+01 9.857125675184684610e+01 9.642219134776721035e+01
1.014050831409824269e+02 1.014050831409824269e+02 1.022236755493908902e+02 1.014050831409824269e+02 1.022236755493908902e+02 7.986106132726762041e+01 9.319578101106107226e+01 8.383925104318812771e+01 1.022236755493908902e+02 1.022236755493908902e+02
9.998816994641464362e+01 9.783910454233500786e+01 7.975856574284350131e+01 9.998816994641464362e+01 9.857125675184684610e+01 9.599142711195679567e+01 8.383925104318811350e+01 1.022236755493908902e+02 9.857125675184684610e+01 7.879264219498068655e+01
7.223468621610999207e+01 9.857125675184684610e+01 6.858226741856594799e+01 7.223468621610999207e+01 5.001973471451566411e+01 9.857125675184684610e+01 1.022236755493908902e+02 9.857125675184684610e+01 1.248796248839912693e+01 6.858226741856594799e+01
8.526044750861638022e+01 9.642219134776721035e+01 5.731355456499357359e+01 8.526044750861638022e+01 6.684497922197178355e+01 9.642219134776721035e+01 1.022236755493908902e+02 7.879264219498068655e+01 6.858226741856594799e+01 9.491883795430280202e+01
