7.823151228509144239e-01 6.080321095653438590e+01 7.675012540002515493e+01 7.215848657013049205e+01 7.675012540002515493e+01 7.675012540002515493e+01 8.134176422991981781e+01 8.134176422991981781e+01 7.215848657013049205e+01 7.675012540002515493e+01
6.080321095653438590e+01 7.215848657013049205e+01 6.161589929994498505e+01 4.425449493889598784e+01 6.398035986887082061e+01 6.945196671131608923e+01 8.134176422991981781e+01 8.134176422991981781e+01 4.189003436997015228e+01 6.945196671131608923e+01
7.675012540002515493e+01 6.161589929994498505e+01 8.134176422991981781e+01 4.706163860556655720e+01 6.443322249423893311e+01 6.990482933668420173e+01 7.765585065076137994e+01 6.095428508727833616e+01 4.331638281798419143e+01 6.990482933668420173e+01
7.215848657013049205e+01 4.425449493889598784e+01 4.706163860556655720e+01 2.107942444551316186e+01 4.906023235815867167e+01 6.215380802260702353e+01 8.134176422991981781e+01 8.134176422991981781e+01 1.318521292578085635e+01 6.215380802260702353e+01
7.675012540002515493e+01 6.398035986887082061e+01 6.443322249423893311e+01 4.906023235815867167e+01 8.134176422991981781e+01 6.280447523589481307e+01 6.345514244918260260e+01 7.055549654997199127e+01 5.121059433771648628e+01 6.527858791325991206e+01
7.675012540002515493e+01 6.945196671131608923e+01 6.990482933668420173e+01 6.215380802260702353e+01 6.280447523589481307e+01 8.134176422991981781e+01 5.373194061588087322e+01 6.569389563332111948e+01 6.215380802260702353e+01 6.479537642503026973e+01
8.134176422991981781e+01 8.134176422991981781e+01 7.765585065076137994e+01 8.134176422991981781e+01 6.345514244918260260e+01 5.373194061588087322e+01 1.620100328939680168e+01 4.122591188370503801e+01 8.134176422991981781e+01 6.840336780391281479e+01
8.134176422991981781e+01 8.134176422991981781e+01 6.095428508727833616e+01 8.134176422991981781e+01 7.055549654997199127e+01 6.569389563332111948e+01 4.122591188370503090e+01 7.396993707160292786e+01 8.134176422991981781e+01 7.302960922733710447e+01
7.215848657013049205e+01 4.189003436997015228e+01 4.331638281798418433e+01 1.318521292578085813e+01 5.121059433771648628e+01 6.215380802260702353e+01 8.134176422991981781e+01 8.134176422991981781e+01 2.312624214266067124e+00 6.215380802260702353e+01
7.675012540002515493e+01 6.945196671131608923e+01 6.990482933668420173e+01 6.215380802260702353e+01 6.527858791325991206e+01 6.479537642503026973e+01 6.840336780391281479e+01 7.302960922733709026e+01 6.215380802260702353e+01 8.134176422991981781e+01
