1.038545612671109666e+02 6.615885212416989702e+01 8.847747892325665475e+01 9.023014653001025920e+01 9.009739959663126285e+01 8.165042717612746515e+01 1.024190788392923253e+02 9.023014653001025920e+01 7.598482496909682027e+01 8.742185629003748204e+01
6.615885212416989702e+01 4.220828316557238225e+01 8.742185629003748204e+01 1.038545612671109666e+02 1.038545612671109666e+02 6.689022539796265221e+01 1.038545612671109666e+02 1.038545612671109666e+02 7.406118265084444374e+01 7.098915131296398329e+01
8.847747892325665475e+01 8.742185629003748204e+01 1.038545612671109666e+02 9.604246366457357453e+01 9.590971673119457819e+01 9.498684103135440182e+01 1.024190788392923253e+02 9.604246366457357453e+01 8.847747892325665475e+01 6.400668243252324885e+01
9.023014653001025920e+01 1.038545612671109666e+02 9.604246366457357453e+01 1.012490902782316908e+02 7.670349286144806911e+01 8.431394004222372018e+01 8.224490183375186803e+01 5.956122183037917495e+01 8.200186170982307488e+01 1.038545612671109666e+02
9.009739959663126285e+01 1.038545612671109666e+02 9.590971673119457819e+01 7.670349286144808332e+01 1.007181025447157054e+02 1.025518257726713216e+02 1.008138100238570729e+02 7.766636062744778712e+01 8.186911477644407853e+01 1.038545612671109666e+02
8.165042717612746515e+01 6.689022539796265221e+01 9.498684103135440182e+01 8.431394004222372018e+01 1.025518257726713216e+02 1.038545612671109666e+02 8.431394004222372018e+01 7.794431266270875369e+01 8.830650421175788267e+01 8.742185629003748204e+01
1.024190788392923253e+02 1.038545612671109666e+02 1.024190788392923253e+02 8.224490183375186803e+01 1.008138100238570729e+02 8.431394004222372018e+01 1.012490902782316908e+02 8.287845761440507886e+01 1.024190788392923253e+02 1.038545612671109666e+02
9.023014653001025920e+01 1.038545612671109666e+02 9.604246366457357453e+01 5.956122183037917495e+01 7.766636062744778712e+01 7.794431266270875369e+01 8.287845761440507886e+01 1.012490902782316908e+02 8.200186170982307488e+01 1.038545612671109666e+02
7.598482496909682027e+01 7.406118265084444374e+01 8.847747892325665475e+01 8.200186170982307488e+01 8.186911477644407853e+01 8.830650421175788267e+01 1.024190788392923253e+02 8.200186170982307488e+01 1.038545612671109666e+02 8.742185629003748204e+01
8.742185629003748204e+01 7.098915131296398329e+01 6.400668243252324885e+01 1.038545612671109666e+02 1.038545612671109666e+02 8.742185629003748204e+01 1.038545612671109666e+02 1.038545612671109666e+02 8.742185629003748204e+01 1.524450607816697989e+01
