8.224768506120588851e-02 1.016662134600895797e+02 8.817008835483551366e+01 4.908612438699546487e+01 1.016662134600895797e+02 8.817008835483551366e+01 1.016662134600895797e+02 8.817008835483551366e+01 1.016662134600895797e+02 6.713224856346863589e+01
1.016662134600895797e+02 1.005966067279093750e+02 9.741165064116225381e+01 1.016662134600895797e+02 6.912503285927394359e+01 8.189146745188608634e+01 9.776140001009301272e+01 9.741165064116225381e+01 8.932678169281638247e+01 1.009553274448638263e+02
8.817008835483551366e+01 9.741165064116225381e+01 1.016662134600895797e+02 7.275600612916731791e+01 9.369189118832503027e+01 8.045206083601816260e+01 1.009553274448638263e+02 6.481589105146656493e+01 9.369189118832503027e+01 9.447466657528184442e+01
4.908612438699546487e+01 1.016662134600895797e+02 7.275600612916731791e+01 7.467396324958144760e+01 1.016662134600895797e+02 7.769115941927340430e+01 1.016662134600895797e+02 7.769115941927340430e+01 1.016662134600895797e+02 7.765116845915207477e+01
1.016662134600895797e+02 6.912503285927394359e+01 9.369189118832503027e+01 1.016662134600895797e+02 3.849162454529827526e-01 6.965983622536404596e+01 1.002444414296380728e+02 9.369189118832503027e+01 7.805695665772340419e+01 1.007792447957281752e+02
8.817008835483551366e+01 8.189146745188608634e+01 8.045206083601816260e+01 7.769115941927340430e+01 6.965983622536404596e+01 1.016662134600895797e+02 1.009553274448638263e+02 7.578799374990049387e+01 8.986158505890648485e+01 9.447466657528184442e+01
1.016662134600895797e+02 9.776140001009301272e+01 1.009553274448638263e+02 1.016662134600895797e+02 1.002444414296380728e+02 1.009553274448638263e+02 1.005966067279093750e+02 1.009553274448638263e+02 1.002444414296380728e+02 8.140463359428969170e+01
8.817008835483551366e+01 9.741165064116225381e+01 6.481589105146656493e+01 7.769115941927340430e+01 9.369189118832503027e+01 7.578799374990049387e+01 1.009553274448638263e+02 1.016662134600895797e+02 9.369189118832503027e+01 9.447466657528184442e+01
1.016662134600895797e+02 8.932678169281638247e+01 9.369189118832503027e+01 1.016662134600895797e+02 7.805695665772340419e+01 8.986158505890648485e+01 1.002444414296380728e+02 9.369189118832503027e+01 5.182627216692647920e+00 1.007792447957281752e+02
6.713224856346863589e+01 1.009553274448638263e+02 9.447466657528184442e+01 7.765116845915207477e+01 1.007792447957281752e+02 9.447466657528184442e+01 8.140463359428969170e+01 9.447466657528184442e+01 1.007792447957281752e+02 1.016662134600895797e+02
