1.802590014985130651e+01 1.006331943560856388e+02 8.086266492610393186e+01 8.086266492610393186e+01 9.074792964109478532e+01 5.762071056326383456e+01 7.912695245967474023e+01 6.924168774468388676e+01 7.912695245967474023e+01 1.006331943560856388e+02
1.006331943560856388e+02 1.362939910172262081e+01 1.006331943560856388e+02 1.006331943560856388e+02 9.884273463446869812e+01 1.006331943560856388e+02 8.470551458248164067e+01 1.006331943560856388e+02 8.470551458248164067e+01 6.206685761040336757e+01
8.086266492610393186e+01 1.006331943560856388e+02 7.788160247726344210e+01 5.047594645551387060e+01 8.283219287057747238e+01 8.086266492610393186e+01 9.074792964109478532e+01 6.711655837480196851e+01 9.074792964109478532e+01 1.006331943560856388e+02
8.086266492610393186e+01 1.006331943560856388e+02 5.047594645551387060e+01 7.788160247726344210e+01 8.283219287057747238e+01 8.086266492610393186e+01 9.074792964109478532e+01 7.104615543577851611e+01 9.074792964109478532e+01 1.006331943560856388e+02
9.074792964109478532e+01 9.884273463446868391e+01 8.283219287057745817e+01 8.283219287057745817e+01 1.006331943560856388e+02 9.074792964109478532e+01 9.479533213778174172e+01 9.000266402888466644e+01 9.479533213778174172e+01 9.884273463446868391e+01
5.762071056326383456e+01 1.006331943560856388e+02 8.086266492610393186e+01 8.086266492610393186e+01 9.074792964109478532e+01 4.110767345730854316e+01 6.120739896056426232e+01 5.150731950514212798e+01 6.463577824084971724e+01 1.006331943560856388e+02
7.912695245967474023e+01 8.470551458248164067e+01 9.074792964109478532e+01 9.074792964109478532e+01 9.479533213778174172e+01 6.120739896056426232e+01 1.006331943560856388e+02 7.133133208733183039e+01 6.607654503463879792e+01 8.470551458248164067e+01
6.924168774468388676e+01 1.006331943560856388e+02 6.711655837480196851e+01 7.104615543577851611e+01 9.000266402888465223e+01 5.150731950514212087e+01 7.133133208733183039e+01 8.086266492610393186e+01 8.080918177389594348e+01 1.006331943560856388e+02
7.912695245967474023e+01 8.470551458248164067e+01 9.074792964109478532e+01 9.074792964109478532e+01 9.479533213778174172e+01 6.463577824084971724e+01 6.607654503463879792e+01 8.080918177389594348e+01 1.006331943560856388e+02 8.470551458248164067e+01
1.006331943560856388e+02 6.206685761040336757e+01 1.006331943560856388e+02 1.006331943560856388e+02 9.884273463446869812e+01 1.006331943560856388e+02 8.470551458248164067e+01 1.006331943560856388e+02 8.470551458248164067e+01 1.095259989810503098e+00
