1.016636307773697752e+02 6.070657680518327481e+01 8.092759376004806882e+01 7.863040103218570209e+01 7.661289816971671485e+01 1.010831255511388207e+02 8.092759376004806882e+01 9.100535965559343765e+01 8.728996180108592284e+01 8.092759376004806882e+01
6.070657680518328192e+01 1.997102836218212163e+00 6.019155674272634826e+01 1.016636307773697752e+02 5.156216556206364032e+01 1.005026203249078662e+02 6.019155674272634826e+01 8.034708853381710014e+01 8.092759376004806882e+01 6.019155674272634826e+01
8.092759376004806882e+01 6.019155674272634826e+01 3.930107379158203429e+01 1.016636307773697752e+02 4.053562710393045876e+01 1.005026203249078662e+02 2.392670125934547087e+01 6.953836188276603991e+01 6.766761021734777160e+01 3.612284654897499792e+01
7.863040103218570209e+01 1.016636307773697752e+02 1.016636307773697752e+02 8.564102890687780700e+01 1.016636307773697752e+02 1.016636307773697752e+02 1.016636307773697752e+02 1.016636307773697752e+02 7.842689707690668399e+01 1.016636307773697752e+02
7.661289816971671485e+01 5.156216556206364032e+01 4.053562710393045876e+01 1.016636307773697752e+02 6.019155674272634826e+01 1.005026203249078662e+02 4.974631526715418772e+01 7.512446779603102698e+01 7.570497302226199565e+01 4.974631526715418772e+01
1.010831255511388349e+02 1.005026203249078662e+02 1.005026203249078662e+02 1.016636307773697752e+02 1.005026203249078662e+02 1.653880739772202091e+01 1.005026203249078662e+02 5.839714967196272255e+01 1.010831255511388207e+02 1.005026203249078662e+02
8.092759376004806882e+01 6.019155674272634826e+01 2.392670125934546732e+01 1.016636307773697752e+02 4.974631526715418772e+01 1.005026203249078662e+02 5.042957280693690647e-01 6.917487670728712601e+01 6.485286815021964912e+01 3.294461930636796865e+01
9.100535965559345186e+01 8.034708853381710014e+01 6.953836188276603991e+01 1.016636307773697752e+02 7.512446779603102698e+01 5.839714967196272255e+01 6.917487670728712601e+01 1.005026203249078662e+02 8.541925374232845058e+01 6.636227872306770337e+01
8.728996180108592284e+01 8.092759376004806882e+01 6.766761021734777160e+01 7.842689707690668399e+01 7.570497302226198144e+01 1.010831255511388349e+02 6.485286815021964912e+01 8.541925374232845058e+01 1.016636307773697752e+02 6.436952546862212898e+01
8.092759376004806882e+01 6.019155674272634826e+01 3.612284654897499792e+01 1.016636307773697752e+02 4.974631526715418772e+01 1.005026203249078662e+02 3.294461930636796865e+01 6.636227872306770337e+01 6.436952546862212898e+01 3.784713308966639289e+01
