1.010309894969258977e+02 1.015914860766853849e+02 8.785751266280979621e+01 1.015914860766853849e+02 1.015914860766853849e+02 9.616211335326900667e+01 9.073274062985264266e+01 9.616211335326900667e+01 1.015914860766853849e+02 1.015914860766853849e+02
1.015914860766853849e+02 5.179199241527494735e+01 9.501114658768125310e+01 8.843080709867712130e+01 3.719827772798587517e+01 9.501114658768125310e+01 1.015914860766853849e+02 9.501114658768125310e+01 7.956219171183190042e+01 3.996698169086131713e+01
8.785751266280979621e+01 9.501114658768125310e+01 1.015914860766853849e+02 5.992861592957039107e+01 9.501114658768125310e+01 9.080167683184667737e+01 9.101298891973237914e+01 7.978902532238835477e+01 9.501114658768125310e+01 9.501114658768125310e+01
1.015914860766853849e+02 8.843080709867712130e+01 5.992861592957039107e+01 6.810815687166879018e-01 8.843080709867712130e+01 9.059036474396098981e+01 1.015914860766853849e+02 6.856506172504433039e+01 8.843080709867712130e+01 8.843080709867712130e+01
1.015914860766853849e+02 3.719827772798588228e+01 9.501114658768125310e+01 8.843080709867712130e+01 4.214230537352609929e+01 9.501114658768125310e+01 1.015914860766853849e+02 9.501114658768125310e+01 7.956219171183190042e+01 5.179199241527494735e+01
9.616211335326900667e+01 9.501114658768125310e+01 9.080167683184669158e+01 9.059036474396097560e+01 9.501114658768125310e+01 1.015914860766853849e+02 5.762945743560629097e+01 8.775576857496810135e+01 9.501114658768125310e+01 9.501114658768125310e+01
9.073274062985264266e+01 1.015914860766853849e+02 9.101298891973237914e+01 1.015914860766853849e+02 1.015914860766853849e+02 5.762945743560629808e+01 2.604087688557705249e+01 8.492117240597522709e+01 1.015914860766853849e+02 1.015914860766853849e+02
9.616211335326900667e+01 9.501114658768125310e+01 7.978902532238835477e+01 6.856506172504433039e+01 9.501114658768125310e+01 8.775576857496810135e+01 8.492117240597522709e+01 1.015914860766853849e+02 9.501114658768125310e+01 9.501114658768125310e+01
1.015914860766853849e+02 7.956219171183190042e+01 9.501114658768125310e+01 8.843080709867712130e+01 7.956219171183190042e+01 9.501114658768125310e+01 1.015914860766853849e+02 9.501114658768125310e+01 2.593268847502160579e+00 7.956219171183190042e+01
1.015914860766853849e+02 3.996698169086131713e+01 9.501114658768125310e+01 8.843080709867712130e+01 5.179199241527494735e+01 9.501114658768125310e+01 1.015914860766853849e+02 9.501114658768125310e+01 7.956219171183190042e+01 1.343886532734259953e+00
