9.099728001864038163e+01 8.094010094647188680e+01 8.637880260067224469e+01 8.924318829404060693e+01 8.094010094647188680e+01 1.010747529063482517e+02 9.590374469593916729e+01 1.010747529063482517e+02 6.901823331759845814e+01 7.168285229499625189e+01
8.094010094647188680e+01 3.859732449276891941e+01 8.597883739032582184e+01 9.559728888513285483e+01 3.303951974977928785e+01 1.010747529063482517e+02 9.577147292938401790e+01 1.010747529063482517e+02 5.361631730164116050e+01 7.088292187430339197e+01
8.637880260067224469e+01 8.597883739032582184e+01 1.010747529063482517e+02 9.833602089574054617e+01 8.597883739032582184e+01 7.679567049007545165e+01 8.628357170972972767e+01 7.679567049007545165e+01 8.135021306458800439e+01 6.003459350039432962e+01
8.924318829404060693e+01 9.559728888513285483e+01 9.833602089574054617e+01 1.001972977516253138e+02 9.559728888513285483e+01 1.010747529063482517e+02 9.833602089574054617e+01 1.010747529063482517e+02 9.559728888513285483e+01 9.559728888513285483e+01
8.094010094647188680e+01 3.303951974977928785e+01 8.597883739032582184e+01 9.559728888513285483e+01 4.408791878422472621e+01 1.010747529063482517e+02 9.577147292938401790e+01 1.010747529063482517e+02 5.498896587450511220e+01 7.088292187430339197e+01
1.010747529063482517e+02 1.010747529063482517e+02 7.679567049007545165e+01 1.010747529063482517e+02 1.010747529063482517e+02 1.308441636166963740e+01 5.606393056529187646e+01 1.105310822423550121e+01 1.010747529063482517e+02 1.010747529063482517e+02
9.590374469593916729e+01 9.577147292938401790e+01 8.628357170972972767e+01 9.833602089574054617e+01 9.577147292938401790e+01 5.606393056529187646e+01 1.010747529063482517e+02 5.177943197428233901e+01 9.577147292938401790e+01 9.577147292938401790e+01
1.010747529063482517e+02 1.010747529063482517e+02 7.679567049007545165e+01 1.010747529063482517e+02 1.010747529063482517e+02 1.105310822423550121e+01 5.177943197428233901e+01 7.630995939182962096e-02 1.010747529063482517e+02 1.010747529063482517e+02
6.901823331759845814e+01 5.361631730164116050e+01 8.135021306458800439e+01 9.559728888513285483e+01 5.498896587450511930e+01 1.010747529063482517e+02 9.577147292938401790e+01 1.010747529063482517e+02 7.088292187430339197e+01 6.162567322282775706e+01
7.168285229499625189e+01 7.088292187430339197e+01 6.003459350039432252e+01 9.559728888513285483e+01 7.088292187430339197e+01 1.010747529063482517e+02 9.577147292938401790e+01 1.010747529063482517e+02 6.162567322282775706e+01 9.519131748102915846e-01
