7.890691101807149721e+01 5.922170142520704417e+01 9.998047613715476700e+01 9.596258005338411579e+01 8.348425894819993687e+01 9.596258005338411579e+01 8.511750273138902401e+01 8.511750273138900980e+01 7.973581469793253973e+01 9.596258005338411579e+01
5.922170142520704417e+01 7.890691101807149721e+01 9.998047613715476700e+01 9.596258005338411579e+01 8.145634595002741207e+01 9.596258005338411579e+01 8.511750273138902401e+01 8.511750273138900980e+01 7.911737071474024674e+01 9.596258005338411579e+01
9.998047613715476700e+01 9.998047613715476700e+01 1.039983722209254182e+02 6.302621899339533229e+01 8.538282686134407129e+01 7.226826907601019911e+01 8.570965585477715365e+01 8.570965585477715365e+01 8.734512733142878460e+01 7.143883557239952609e+01
9.596258005338411579e+01 9.596258005338411579e+01 6.302621899339533229e+01 4.219703293831632607e+01 9.998047613715476700e+01 3.441297779690955849e+01 6.825037299223954790e+01 6.825037299223954790e+01 9.998047613715476700e+01 4.053816593109498001e+01
8.348425894819993687e+01 8.145634595002741207e+01 8.538282686134407129e+01 9.998047613715476700e+01 1.039983722209254182e+02 9.998047613715476700e+01 9.339931607398781921e+01 9.339931607398781921e+01 8.308121007260061219e+01 9.998047613715476700e+01
9.596258005338411579e+01 9.596258005338411579e+01 7.226826907601019911e+01 3.441297779690955849e+01 9.998047613715476700e+01 4.219703293831632607e+01 6.116515600395627672e+01 6.578944938429587808e+01 9.998047613715476700e+01 3.561631871520763326e+01
8.511750273138900980e+01 8.511750273138900980e+01 8.570965585477713944e+01 6.825037299223954790e+01 9.339931607398781921e+01 6.116515600395628383e+01 9.596258005338411579e+01 5.684163749371486318e+01 9.571655887832662302e+01 6.249909227274152101e+01
8.511750273138902401e+01 8.511750273138902401e+01 8.570965585477715365e+01 6.825037299223954790e+01 9.339931607398783342e+01 6.578944938429587808e+01 5.684163749371486318e+01 9.596258005338411579e+01 9.571655887832660881e+01 5.544089987878408010e+01
7.973581469793252552e+01 7.911737071474024674e+01 8.734512733142878460e+01 9.998047613715476700e+01 8.308121007260062640e+01 9.998047613715476700e+01 9.571655887832660881e+01 9.571655887832660881e+01 1.039983722209254182e+02 9.998047613715476700e+01
9.596258005338411579e+01 9.596258005338411579e+01 7.143883557239952609e+01 4.053816593109498001e+01 9.998047613715476700e+01 3.561631871520763326e+01 6.249909227274152812e+01 5.544089987878408010e+01 9.998047613715476700e+01 2.520670127539693084e+01
