1.029155053338326837e+02 8.464110451874127250e+01 8.722857107594039405e+01 9.045004958098041925e+01 1.026564385873216452e+02 9.045004958098041925e+01 7.899464495161038258e+01 7.824366057463919333e+01 1.026564385873216452e+02 9.082554176946601387e+01
8.464110451874127250e+01 1.023973718408106066e+02 8.764678161855218264e+01 7.999492280638082775e+01 9.168885969650308709e+01 6.569324725094745077e+01 7.873557820509934402e+01 7.798459382812815477e+01 1.013724676083727019e+02 9.005402290673602295e+01
8.722857107594039405e+01 8.764678161855216842e+01 1.029155053338326837e+02 9.045004958098041925e+01 1.026564385873216452e+02 9.045004958098041925e+01 7.899464495161038258e+01 7.824366057463919333e+01 1.026564385873216452e+02 9.082554176946601387e+01
9.045004958098041925e+01 7.999492280638082775e+01 9.045004958098041925e+01 1.023973718408106066e+02 8.150090333596612879e+01 7.435178466490017968e+01 7.873557820509934402e+01 6.599989148243761861e+01 1.013724676083727019e+02 9.005402290673602295e+01
1.026564385873216452e+02 9.168885969650308709e+01 1.026564385873216452e+02 8.150090333596612879e+01 1.003475633759347971e+02 9.168885969650310130e+01 1.023973718408106066e+02 1.023973718408106066e+02 7.746552187751223073e+01 9.308357410561866629e+01
9.045004958098041925e+01 6.569324725094745077e+01 9.045004958098041925e+01 7.435178466490017968e+01 9.168885969650310130e+01 1.023973718408106066e+02 7.873557820509934402e+01 5.957183721358622108e+01 1.013724676083727019e+02 9.005402290673602295e+01
7.899464495161038258e+01 7.873557820509934402e+01 7.899464495161038258e+01 7.873557820509934402e+01 1.023973718408106066e+02 7.873557820509934402e+01 1.120035612742611875e+00 5.507378456938808853e+01 1.023973718408106066e+02 5.526610216062183412e+01
7.824366057463919333e+01 7.798459382812815477e+01 7.824366057463919333e+01 6.599989148243763282e+01 1.023973718408106066e+02 5.957183721358621398e+01 5.507378456938808853e+01 3.099926324952308576e+01 1.023973718408106066e+02 7.873557820509934402e+01
1.026564385873216452e+02 1.013724676083727019e+02 1.026564385873216452e+02 1.013724676083727019e+02 7.746552187751223073e+01 1.013724676083727019e+02 1.023973718408106066e+02 1.023973718408106066e+02 1.030518718153307312e+00 8.479468060286463071e+01
9.082554176946601387e+01 9.005402290673602295e+01 9.082554176946601387e+01 9.005402290673602295e+01 9.308357410561866629e+01 9.005402290673602295e+01 5.526610216062182701e+01 7.873557820509934402e+01 8.479468060286463071e+01 1.023973718408106066e+02
