1.015798556202785363e+02 9.972644767518912090e+01 1.009361201917378708e+02 1.005209123777140974e+02 9.972644767518912090e+01 1.008790629526925926e+02 1.013153770802391023e+02 1.005209123777140974e+02 1.011542772555111327e+02 1.003027553139408496e+02
9.972644767518912090e+01 5.132782927894490399e+01 1.015798556202785363e+02 6.409752596010113734e+01 9.567837572186566319e+01 1.015798556202785363e+02 1.010508985401996540e+02 7.084643463960371434e+01 1.013153770802391023e+02 9.862911567107209976e+01
1.009361201917378708e+02 1.015798556202785363e+02 1.004064992412878041e+02 1.015798556202785363e+02 1.015798556202785363e+02 5.945994378814813075e+01 1.015798556202785363e+02 1.015798556202785363e+02 8.027174916328442578e+01 7.699137157752326743e+01
1.005209123777140974e+02 6.409752596010113734e+01 1.015798556202785363e+02 1.010508985401996540e+02 9.836463713103265150e+01 1.015798556202785363e+02 8.096556101628193858e+01 7.657118261313547691e+01 8.459289709313729588e+01 9.997224637565560101e+01
9.972644767518912090e+01 9.567837572186566319e+01 1.015798556202785363e+02 9.836463713103265150e+01 7.989621306037477666e-01 1.015798556202785363e+02 1.010508985401996540e+02 9.836463713103265150e+01 1.013153770802391023e+02 9.122537901618574097e+01
1.008790629526925926e+02 1.015798556202785363e+02 5.945994378814813075e+01 1.015798556202785363e+02 1.015798556202785363e+02 3.068105914522878841e+00 1.015798556202785363e+02 1.015798556202785363e+02 1.009931774307831631e+02 6.004662197764348974e+01
1.013153770802391023e+02 1.010508985401996540e+02 1.015798556202785363e+02 8.096556101628192437e+01 1.010508985401996540e+02 1.015798556202785363e+02 6.890534289153073644e+01 6.842615655963494703e+01 8.123003955632137263e+01 1.013153770802391023e+02
1.005209123777140974e+02 7.084643463960371434e+01 1.015798556202785363e+02 7.657118261313547691e+01 9.836463713103265150e+01 1.015798556202785363e+02 6.842615655963494703e+01 1.010508985401996540e+02 8.926642846848861268e+01 9.997224637565560101e+01
1.011542772555111327e+02 1.013153770802391023e+02 8.027174916328442578e+01 8.459289709313729588e+01 1.013153770802391023e+02 1.009931774307831631e+02 8.123003955632137263e+01 8.926642846848859847e+01 1.015798556202785363e+02 1.011542772555111327e+02
1.003027553139408496e+02 9.862911567107209976e+01 7.699137157752326743e+01 9.997224637565560101e+01 9.122537901618574097e+01 6.004662197764349685e+01 1.013153770802391023e+02 9.997224637565560101e+01 1.011542772555111469e+02 1.015798556202785363e+02
