1.488500477217552920e+01 4.098946498769800684e+01 8.148101543869275076e+01 8.392709120301674375e+01 8.532887220840314058e+01 6.718614387589271075e+01 4.085364656533613470e+01 8.388387927175531900e+01 1.006680385301407910e+02 1.005816146676179272e+02
4.098946498769800684e+01 6.718614387589271075e+01 8.270405332085475436e+01 6.940706032423327088e+01 8.532887220840314058e+01 5.006173944061147552e+01 4.554865688232279552e+01 6.953507085688315215e+01 1.006680385301407910e+02 1.005816146676179272e+02
8.148101543869275076e+01 8.270405332085475436e+01 1.006680385301407910e+02 9.221461960120383594e+01 9.291551010389703436e+01 8.392709120301674375e+01 8.270405332085475436e+01 9.227595890094805497e+01 1.005021479993909281e+02 1.006248265988793662e+02
8.392709120301674375e+01 6.940706032423327088e+01 9.221461960120383594e+01 1.006680385301407910e+02 6.999485308828144525e+01 6.680268676773550851e+01 7.536488898537612613e+01 7.792715048607588813e+01 7.395950355256323405e+01 1.006248265988793662e+02
8.532887220840314058e+01 8.532887220840314058e+01 9.291551010389703436e+01 6.999485308828144525e+01 1.006680385301407910e+02 8.532887220840314058e+01 8.532887220840314058e+01 9.297684940364125339e+01 7.395950355256323405e+01 1.006248265988793662e+02
6.718614387589271075e+01 5.006173944061147552e+01 8.392709120301674375e+01 6.680268676773550851e+01 8.532887220840314058e+01 2.377944009131064407e-01 4.414837050844709410e+01 6.675947483647408376e+01 1.006680385301407910e+02 1.005816146676179272e+02
4.085364656533613470e+01 4.554865688232279552e+01 8.270405332085475436e+01 7.536488898537612613e+01 8.532887220840314058e+01 4.414837050844708699e+01 6.718614387589271075e+01 7.532167705411470138e+01 1.006680385301407910e+02 1.005816146676179272e+02
8.388387927175531900e+01 6.953507085688315215e+01 9.227595890094805497e+01 7.792715048607588813e+01 9.297684940364125339e+01 6.675947483647408376e+01 7.532167705411470138e+01 1.005816146676179272e+02 1.006680385301407910e+02 5.500928411352648340e+01
1.006680385301407910e+02 1.006680385301407910e+02 1.005021479993909281e+02 7.395950355256323405e+01 7.395950355256323405e+01 1.006680385301407910e+02 1.006680385301407910e+02 1.006680385301407910e+02 6.721469331081932452e+00 1.006680385301407910e+02
1.005816146676179272e+02 1.005816146676179272e+02 1.006248265988793662e+02 1.006248265988793662e+02 1.006248265988793662e+02 1.005816146676179272e+02 1.005816146676179272e+02 5.500928411352648340e+01 1.006680385301407910e+02 4.185261303244164566e+00
