3.397052636208006504e+01 1.004713827444188041e+02 1.003568916210428910e+02 6.199839359792744631e+01 6.217471604089688242e+01 1.003568916210428910e+02 8.253938602659016510e+01 1.005858738677947031e+02 1.004713827444188041e+02 1.003568916210428910e+02
1.004713827444188041e+02 1.005858738677947031e+02 6.957644339865079530e+01 9.202589728324528551e+01 9.449708495387467622e+01 8.358041182207176689e+01 8.702717953698817155e+01 6.573572840499218728e+01 7.858169407581465293e+01 8.358041182207176689e+01
1.003568916210428910e+02 6.957644339865079530e+01 6.657494977634881650e+01 7.007263264442792661e+01 1.004713827444188041e+02 4.869231493488674545e+01 1.004713827444188041e+02 1.005858738677947031e+02 7.909106503487761586e+01 5.759625620196052864e+01
6.199839359792743920e+01 9.202589728324528551e+01 7.007263264442792661e+01 1.003568916210428910e+02 7.877130735563758890e+01 6.415843460932813969e+01 9.150538438550448461e+01 1.005858738677947031e+02 8.753655049605113447e+01 7.448722712430756587e+01
6.217471604089687531e+01 9.449708495387467622e+01 1.004713827444188041e+02 7.877130735563758890e+01 1.005858738677947031e+02 1.004713827444188041e+02 8.553108659496035671e+01 8.852278716333054831e+01 9.449708495387467622e+01 1.004713827444188041e+02
1.003568916210428910e+02 8.358041182207176689e+01 4.869231493488673834e+01 6.415843460932813969e+01 1.004713827444188041e+02 4.861756262757224079e+01 1.004713827444188041e+02 1.005858738677947031e+02 6.299906749459120903e+01 2.566074697851488651e+01
8.253938602659016510e+01 8.702717953698817155e+01 1.004713827444188041e+02 9.150538438550448461e+01 8.553108659496035671e+01 1.004713827444188041e+02 1.005858738677947031e+02 6.897012088703752397e+01 7.974186533845315239e+01 1.004713827444188041e+02
1.005858738677947031e+02 6.573572840499218728e+01 1.005858738677947031e+02 1.005858738677947031e+02 8.852278716333054831e+01 1.005858738677947031e+02 6.897012088703752397e+01 4.658007879132038909e+01 6.897012088703752397e+01 1.005858738677947031e+02
1.004713827444188041e+02 7.858169407581465293e+01 7.909106503487761586e+01 8.753655049605113447e+01 9.449708495387467622e+01 6.299906749459120192e+01 7.974186533845315239e+01 6.897012088703752397e+01 1.005858738677947031e+02 5.131684201702213954e+01
1.003568916210428910e+02 8.358041182207176689e+01 5.759625620196052864e+01 7.448722712430756587e+01 1.004713827444188041e+02 2.566074697851488651e+01 1.004713827444188041e+02 1.005858738677947031e+02 5.131684201702213954e+01 3.200903043711874396e+00
