1.014947117600383848e+02 9.049392293921020780e+01 8.761466101446569610e+01 1.009529522819968292e+02 1.009529522819968292e+02 9.049392293921022201e+01 1.009529522819968292e+02 8.851250636038012942e+01 1.009529522819968292e+02 5.694644575650799112e+01
9.049392293921020780e+01 1.014947117600383848e+02 8.571467990831662576e+01 8.479069841254019479e+01 9.139446622020963673e+01 7.140892229055923224e+01 8.479069841254019479e+01 9.617370925110323299e+01 9.139446622020963673e+01 9.049392293921022201e+01
8.761466101446568189e+01 8.571467990831661155e+01 1.014947117600383848e+02 9.002783392552240116e+01 6.619370520021952586e+01 7.836231025034302888e+01 8.404209656223605407e+01 8.357332874110818466e+01 7.707171039633333010e+01 8.761466101446568189e+01
1.009529522819968292e+02 8.479069841254019479e+01 9.002783392552240116e+01 8.129422068038090288e+01 7.856095609100638910e+01 9.002783392552240116e+01 6.202975534827994153e+01 8.948607444748083140e+01 7.856095609100638910e+01 1.009529522819968292e+02
1.009529522819968292e+02 9.139446622020963673e+01 6.619370520021952586e+01 7.856095609100638910e+01 3.061287621894118960e+00 7.668972690426244299e+01 6.658948136443370913e+01 5.627490622308123136e+01 5.264870903262827539e+01 1.009529522819968292e+02
9.049392293921020780e+01 7.140892229055923224e+01 7.836231025034302888e+01 9.002783392552240116e+01 7.668972690426244299e+01 1.014947117600383848e+02 7.302539555975548069e+01 8.882133959312963611e+01 6.964532875033324899e+01 9.049392293921020780e+01
1.009529522819968292e+02 8.479069841254019479e+01 8.404209656223603986e+01 6.202975534827994153e+01 6.658948136443370913e+01 7.302539555975548069e+01 8.129422068038090288e+01 8.350033708419448431e+01 5.954508321050450803e+01 1.009529522819968292e+02
8.851250636038014363e+01 9.617370925110323299e+01 8.357332874110818466e+01 8.948607444748083140e+01 5.627490622308123136e+01 8.882133959312963611e+01 8.350033708419448431e+01 1.004111928039552595e+02 7.652995091829176033e+01 8.851250636038012942e+01
1.009529522819968292e+02 9.139446622020963673e+01 7.707171039633333010e+01 7.856095609100638910e+01 5.264870903262827539e+01 6.964532875033324899e+01 5.954508321050450803e+01 7.652995091829176033e+01 5.341267601677004251e+01 1.009529522819968292e+02
5.694644575650799112e+01 9.049392293921020780e+01 8.761466101446568189e+01 1.009529522819968292e+02 1.009529522819968292e+02 9.049392293921020780e+01 1.009529522819968292e+02 8.851250636038012942e+01 1.009529522819968292e+02 1.014947117600383848e+02
