8.903638327887874482e+01 6.873979588326287171e+01 9.476752568533315468e+01 9.476752568533314047e+01 6.415177858579664871e+01 8.161118105044070603e+01 9.063761409337425334e+01 9.063761409337425334e+01 9.476752568533314047e+01 9.476752568533314047e+01
6.873979588326287171e+01 8.903638327887874482e+01 9.476752568533315468e+01 9.476752568533314047e+01 8.745288746136229463e+01 8.659699005188095100e+01 9.562342309481449831e+01 9.562342309481449831e+01 9.476752568533314047e+01 9.476752568533314047e+01
9.476752568533315468e+01 9.476752568533315468e+01 1.037939587282667020e+02 7.167337136851858759e+01 9.641517100357272341e+01 8.590045045267923740e+01 9.217759591951194409e+01 8.348337666785009503e+01 8.166287536861844387e+01 8.166287536861844387e+01
9.476752568533314047e+01 9.476752568533314047e+01 7.167337136851858759e+01 1.037939587282667020e+02 9.641517100357272341e+01 8.590045045267922319e+01 9.323273783969283102e+01 9.323273783969283102e+01 8.271801728879933080e+01 8.271801728879933080e+01
6.415177858579664871e+01 8.745288746136229463e+01 9.641517100357272341e+01 9.641517100357272341e+01 6.592615563808489298e+01 6.504645516473506461e+01 7.242524288942904320e+01 8.222314952952851286e+01 9.641517100357272341e+01 9.641517100357272341e+01
8.161118105044070603e+01 8.659699005188095100e+01 8.590045045267923740e+01 8.590045045267922319e+01 6.504645516473506461e+01 8.903638327887874482e+01 7.701115327735951155e+01 8.800070643972696871e+01 7.775503846007272557e+01 7.499943926746669831e+01
9.063761409337426755e+01 9.562342309481449831e+01 9.217759591951194409e+01 9.323273783969281681e+01 7.242524288942904320e+01 7.701115327735952576e+01 1.037939587282667020e+02 8.376313135566620360e+01 7.562386160753673892e+01 8.798615298844154609e+01
9.063761409337426755e+01 9.562342309481449831e+01 8.348337666785009503e+01 9.323273783969281681e+01 8.222314952952851286e+01 8.800070643972698292e+01 8.376313135566620360e+01 1.037939587282667020e+02 9.217759591951194409e+01 9.217759591951194409e+01
9.476752568533314047e+01 9.476752568533314047e+01 8.166287536861844387e+01 8.271801728879933080e+01 9.641517100357272341e+01 7.775503846007272557e+01 7.562386160753673892e+01 9.217759591951194409e+01 1.037939587282667020e+02 6.932602044494156246e+01
9.476752568533314047e+01 9.476752568533314047e+01 8.166287536861844387e+01 8.271801728879933080e+01 9.641517100357272341e+01 7.499943926746669831e+01 8.798615298844154609e+01 9.217759591951194409e+01 6.932602044494156246e+01 1.037939587282667020e+02
