7.907846379895869404e+01 7.824663415230517671e+01 1.000549907856047156e+02 1.002198593683996677e+02 7.755501964329712905e+01 1.002198593683996677e+02 1.014382198036208109e+02 1.007466052946127633e+02 1.000549907856047156e+02 8.373376658801664973e+01
7.824663415230517671e+01 1.014382198036208109e+02 1.007466052946127633e+02 1.008290395860102393e+02 7.873613217668170705e+01 1.008290395860102393e+02 8.744340435128862055e+01 8.734896887378150154e+01 1.007466052946127633e+02 8.962829569798745410e+01
1.000549907856047156e+02 1.007466052946127633e+02 4.041796214460031678e+01 1.002198593683996677e+02 6.683346695322224207e+01 1.002198593683996677e+02 1.014382198036208109e+02 8.239473669143832524e+01 4.996054012599553573e+01 1.001374250770021916e+02
1.002198593683996677e+02 1.008290395860102393e+02 1.002198593683996677e+02 6.865546415687308057e-01 1.002198593683996677e+02 6.084722139377380046e+00 1.014382198036208109e+02 1.008290395860102393e+02 1.002198593683996677e+02 5.047586170019602037e+01
7.755501964329712905e+01 7.873613217668170705e+01 6.683346695322224207e+01 1.002198593683996677e+02 1.000549907856047156e+02 1.002198593683996677e+02 1.014382198036208109e+02 9.157067099302554425e+01 7.404573158783384201e+01 8.897789833467814447e+01
1.002198593683996677e+02 1.008290395860102393e+02 1.002198593683996677e+02 6.084722139377379158e+00 1.002198593683996677e+02 6.828717781340104764e+00 1.014382198036208109e+02 1.008290395860102393e+02 1.002198593683996677e+02 5.315229075388852209e+01
1.014382198036208109e+02 8.744340435128860634e+01 1.014382198036208109e+02 1.014382198036208109e+02 1.014382198036208109e+02 1.014382198036208109e+02 1.004327326956331206e+02 8.543711858023732475e+01 1.014382198036208109e+02 1.014382198036208109e+02
1.007466052946127633e+02 8.734896887378151575e+01 8.239473669143832524e+01 1.008290395860102393e+02 9.157067099302554425e+01 1.008290395860102393e+02 8.543711858023731054e+01 1.014382198036208109e+02 8.023828291719809158e+01 1.007878224403115013e+02
1.000549907856047156e+02 1.007466052946127633e+02 4.996054012599553573e+01 1.002198593683996677e+02 7.404573158783385622e+01 1.002198593683996677e+02 1.014382198036208109e+02 8.023828291719809158e+01 6.335125357925584666e+01 1.001374250770021916e+02
8.373376658801664973e+01 8.962829569798745410e+01 1.001374250770021916e+02 5.047586170019602747e+01 8.897789833467814447e+01 5.315229075388852209e+01 1.014382198036208109e+02 1.007878224403115013e+02 1.001374250770021916e+02 1.002198593683996677e+02
