1.043981491753413451e+02 9.059657203566975170e+01 9.059657203566973749e+01 9.059657203566975170e+01 8.400097682822617173e+01 9.059657203566973749e+01 8.245033487134189443e+01 8.378616872377824620e+01 1.026787176191607784e+02 9.579662665845100378e+01
9.059657203566975170e+01 1.043981491753413451e+02 8.009024288758180887e+01 7.859320203635206781e+01 8.696857500275598341e+01 6.827493704170446165e+01 8.746132025502151919e+01 8.378616872377824620e+01 7.531847974612018959e+01 8.035332377965988826e+01
9.059657203566973749e+01 8.009024288758180887e+01 1.043981491753413451e+02 7.190744248517924575e+01 7.878577460035340607e+01 7.814483092288112687e+01 8.746132025502151919e+01 8.378616872377824620e+01 9.542272355333324185e+01 9.216862962553724969e+01
9.059657203566975170e+01 7.859320203635206781e+01 7.190744248517923154e+01 1.043981491753413451e+02 7.550024712216770695e+01 8.009024288758180887e+01 8.746132025502151919e+01 8.378616872377824620e+01 9.542272355333324185e+01 9.216862962553724969e+01
8.400097682822617173e+01 8.696857500275598341e+01 7.878577460035340607e+01 7.550024712216770695e+01 1.043981491753413451e+02 8.696857500275598341e+01 8.245033487134190864e+01 8.378616872377824620e+01 9.542272355333324185e+01 9.216862962553724969e+01
9.059657203566973749e+01 6.827493704170446165e+01 7.814483092288112687e+01 8.009024288758180887e+01 8.696857500275598341e+01 1.043981491753413451e+02 8.746132025502151919e+01 8.378616872377824620e+01 7.725650267665506021e+01 7.197728582500131722e+01
8.245033487134190864e+01 8.746132025502151919e+01 8.746132025502151919e+01 8.746132025502151919e+01 8.245033487134190864e+01 8.746132025502151919e+01 8.841827894038731017e+01 7.579623360630122875e+01 1.043981491753413451e+02 9.266137487780278548e+01
8.378616872377823199e+01 8.378616872377823199e+01 8.378616872377824620e+01 8.378616872377823199e+01 8.378616872377824620e+01 8.378616872377824620e+01 7.579623360630122875e+01 7.343092222014112735e+01 1.043981491753413451e+02 8.636294178300836677e+01
1.026787176191607784e+02 7.531847974612020380e+01 9.542272355333324185e+01 9.542272355333324185e+01 9.542272355333324185e+01 7.725650267665506021e+01 1.043981491753413451e+02 1.043981491753413451e+02 6.104363780812181517e+01 7.725650267665506021e+01
9.579662665845100378e+01 8.035332377965988826e+01 9.216862962553724969e+01 9.216862962553724969e+01 9.216862962553724969e+01 7.197728582500131722e+01 9.266137487780278548e+01 8.636294178300836677e+01 7.725650267665506021e+01 1.043981491753413451e+02
