1.001648942928843411e+02 5.928561885365822093e+01 9.022954398479457438e+01 7.627842013052648440e+01 7.298828770697825519e+01 7.627842013052648440e+01 8.794111724160772781e+01 8.043425930995354634e+01 8.451808043605669241e+01 1.018659451081330332e+02
5.928561885365822093e+01 2.237226952480302344e+01 8.036224125662961626e+01 5.239194596816862060e+01 5.660004850861368908e+01 5.239194596816862060e+01 7.395596959737721932e+01 7.219459900442333833e+01 8.036224125662961626e+01 1.018659451081330332e+02
9.022954398479457438e+01 8.036224125662961626e+01 1.001648942928843411e+02 6.536497883485786531e+01 9.022954398479458860e+01 6.606438594551573829e+01 9.202493836771085967e+01 9.022954398479457438e+01 7.602518887074069198e+01 1.018659451081330332e+02
7.627842013052648440e+01 5.239194596816862060e+01 6.536497883485786531e+01 6.055958822037489853e+01 7.627842013052648440e+01 3.623034629095834447e+01 7.718662401474453816e+01 7.033085463832695439e+01 6.615788614257573386e+01 1.018659451081330332e+02
7.298828770697825519e+01 5.660004850861369619e+01 9.022954398479458860e+01 7.627842013052647019e+01 1.001648942928843411e+02 7.627842013052648440e+01 8.794111724160772781e+01 7.350298406717347177e+01 7.758680519327661784e+01 1.018659451081330332e+02
7.627842013052647019e+01 5.239194596816862060e+01 6.606438594551573829e+01 3.623034629095834447e+01 7.627842013052648440e+01 6.055958822037489853e+01 7.718662401474453816e+01 7.007997355858833544e+01 6.615788614257574807e+01 1.018659451081330332e+02
8.794111724160771359e+01 7.395596959737721932e+01 9.202493836771085967e+01 7.718662401474452395e+01 8.794111724160772781e+01 7.718662401474453816e+01 1.036876354787921031e+02 8.708795053287190058e+01 9.202493836771085967e+01 1.027767902934625681e+02
8.043425930995354634e+01 7.219459900442333833e+01 9.022954398479457438e+01 7.033085463832695439e+01 7.350298406717347177e+01 7.007997355858833544e+01 8.708795053287190058e+01 1.001648942928843411e+02 7.107105101907421840e+01 1.018659451081330332e+02
8.451808043605669241e+01 8.036224125662961626e+01 7.602518887074070619e+01 6.615788614257574807e+01 7.758680519327660363e+01 6.615788614257574807e+01 9.202493836771085967e+01 7.107105101907421840e+01 1.001648942928843411e+02 1.018659451081330332e+02
1.018659451081330332e+02 1.018659451081330332e+02 1.018659451081330332e+02 1.018659451081330332e+02 1.018659451081330332e+02 1.018659451081330332e+02 1.027767902934625681e+02 1.018659451081330332e+02 1.018659451081330332e+02 1.190313386074701496e+00
