1.000303390843939724e+02 8.889045046017231755e+01 7.589302972880159359e+01 9.523258026842060531e+01 8.889045046017231755e+01 1.019785524648738146e+02 9.226343655839892222e+01 9.226343655839892222e+01 7.243435103476247150e+01 7.270138639485398357e+01
8.889045046017231755e+01 9.043482145244725245e+01 7.803378306205443948e+01 8.630347219750896670e+01 7.117034961861193665e+01 1.019785524648738146e+02 7.900788975229436062e+01 7.776743998282887560e+01 7.679333329258895446e+01 6.565344466836729964e+01
7.589302972880159359e+01 7.803378306205443948e+01 1.000303390843939724e+02 9.523258026842060531e+01 7.669383154871266584e+01 1.019785524648738146e+02 7.880205552580636663e+01 8.140676916028104415e+01 6.503636233068371553e+01 7.169165325380615172e+01
9.523258026842060531e+01 8.630347219750896670e+01 9.523258026842060531e+01 1.806857106177286809e+01 6.356414411433965483e+01 1.019785524648738146e+02 9.620668695866052644e+01 9.620668695866052644e+01 9.523258026842060531e+01 9.043482145244725245e+01
8.889045046017231755e+01 7.117034961861193665e+01 7.669383154871266584e+01 6.356414411433965483e+01 9.043482145244725245e+01 1.019785524648738146e+02 7.766793823895258697e+01 7.900788975229434641e+01 7.803378306205442527e+01 6.689389443783278466e+01
1.019785524648738146e+02 1.019785524648738146e+02 1.019785524648738146e+02 1.019785524648738146e+02 1.019785524648738146e+02 2.145344347769665561e+01 5.885346124345063146e+01 6.155243081058636534e+01 1.019785524648738146e+02 1.019785524648738146e+02
9.226343655839892222e+01 7.900788975229436062e+01 7.880205552580636663e+01 9.620668695866052644e+01 7.766793823895258697e+01 5.885346124345063146e+01 1.019785524648738146e+02 6.159897809790784606e+01 8.140676916028104415e+01 7.266575994404607286e+01
9.226343655839892222e+01 7.776743998282887560e+01 8.140676916028102994e+01 9.620668695866052644e+01 7.900788975229434641e+01 6.155243081058637244e+01 6.159897809790783896e+01 1.019785524648738146e+02 7.832548936328592504e+01 6.958448014705095375e+01
7.243435103476247150e+01 7.679333329258895446e+01 6.503636233068371553e+01 9.523258026842060531e+01 7.803378306205442527e+01 1.019785524648738146e+02 8.140676916028102994e+01 7.832548936328592504e+01 1.000303390843939724e+02 6.691722844298698192e+01
7.270138639485398357e+01 6.565344466836729964e+01 7.169165325380615172e+01 9.043482145244725245e+01 6.689389443783278466e+01 1.019785524648738146e+02 7.266575994404607286e+01 6.958448014705095375e+01 6.691722844298698192e+01 6.506630221945408721e+01
