1.021225255413454107e+02 6.423267183686243698e+01 7.242935541815640477e+01 6.450753807611219770e+01 6.959336967463232781e+01 8.810450211113059993e+01 8.810450211113059993e+01 6.097830833236318426e+01 6.953950526481389716e+01 8.284039634687309217e+01
6.423267183686243698e+01 4.706450109690614880e+01 5.278159731568467805e+01 6.953950526481389716e+01 6.635940319808308629e+01 1.011952954832441520e+02 1.011952954832441520e+02 3.344929611014356396e+01 4.184730396436867750e+01 6.861227520671263846e+01
7.242935541815640477e+01 5.278159731568467805e+01 7.858951757589777287e+01 7.742075938456180495e+01 8.247476743887368400e+01 1.011952954832441520e+02 1.011952954832441520e+02 4.921180434963937245e+01 5.777300128209007823e+01 7.649352932646056047e+01
6.450753807611219770e+01 6.953950526481389716e+01 7.742075938456180495e+01 1.021225255413454107e+02 6.959336967463232781e+01 8.810450211113058572e+01 8.810450211113058572e+01 6.084347870878112730e+01 6.476358493313190934e+01 7.806447601519109014e+01
6.959336967463232781e+01 6.635940319808308629e+01 8.247476743887368400e+01 6.959336967463232781e+01 1.021225255413454107e+02 8.810450211113058572e+01 8.810450211113058572e+01 7.459351331912577621e+01 7.443032424090017685e+01 8.789440440118497122e+01
8.810450211113058572e+01 1.011952954832441662e+02 1.011952954832441662e+02 8.810450211113058572e+01 8.810450211113058572e+01 1.021225255413454107e+02 6.331499956021033881e+01 1.011952954832441662e+02 1.011952954832441662e+02 7.878275753949139926e+01
8.810450211113058572e+01 1.011952954832441662e+02 1.011952954832441662e+02 8.810450211113058572e+01 8.810450211113058572e+01 6.331499956021033881e+01 1.021225255413454107e+02 1.011952954832441662e+02 1.011952954832441662e+02 7.953109083952116976e+01
6.097830833236319137e+01 3.344929611014355686e+01 4.921180434963937245e+01 6.084347870878113440e+01 7.459351331912577621e+01 1.011952954832441520e+02 1.011952954832441520e+02 2.684846887965861839e+01 3.331446648656149989e+01 5.991624865067987571e+01
6.953950526481389716e+01 4.184730396436867039e+01 5.777300128209007823e+01 6.476358493313190934e+01 7.443032424090017685e+01 1.011952954832441520e+02 1.011952954832441520e+02 3.331446648656149989e+01 4.706450109690614880e+01 6.214619453924193948e+01
8.284039634687309217e+01 6.861227520671263846e+01 7.649352932646054626e+01 7.806447601519110435e+01 8.789440440118497122e+01 7.878275753949141347e+01 7.953109083952116976e+01 5.991624865067987571e+01 6.214619453924193948e+01 1.002680654251429075e+02
