9.225039499609242455e+01 1.019210087922617447e+02 8.478729407763063364e+01 6.293958836889466113e+01 5.431257570361257336e+01 8.478729407763063364e+01 8.478729407763063364e+01 1.003605632631994951e+02 7.958358810966140595e+01 5.931561617343697890e+01
1.019210087922617447e+02 1.028225562808880937e+02 1.019210087922617447e+02 1.019210087922617447e+02 1.019210087922617447e+02 1.019210087922617447e+02 1.019210087922617447e+02 1.019210087922617447e+02 8.533349397704587602e+01 1.019210087922617447e+02
8.478729407763063364e+01 1.019210087922617447e+02 1.006984858126704552e+02 8.478729407763061943e+01 9.647444040438143986e+01 6.030429338845375753e+01 7.315011194021029439e+01 7.903927507166721966e+01 9.964849834263476680e+01 6.578267129679922220e+01
6.293958836889466113e+01 1.019210087922617447e+02 8.478729407763061943e+01 9.225039499609242455e+01 7.677562215113270838e+01 8.478729407763061943e+01 8.478729407763061943e+01 1.003605632631994951e+02 8.979908921601040106e+01 5.931561617343697890e+01
5.431257570361256626e+01 1.019210087922617447e+02 9.647444040438143986e+01 7.677562215113270838e+01 1.704077658637347525e+01 9.647444040438143986e+01 9.647444040438143986e+01 1.003605632631994951e+02 6.163070058083256697e+01 9.225039499609242455e+01
8.478729407763063364e+01 1.019210087922617447e+02 6.030429338845375753e+01 8.478729407763061943e+01 9.647444040438143986e+01 1.006984858126704552e+02 7.105784418264877900e+01 8.125197759869418235e+01 9.964849834263476680e+01 6.305416261343084727e+01
8.478729407763063364e+01 1.019210087922617447e+02 7.315011194021029439e+01 8.478729407763061943e+01 9.647444040438143986e+01 7.105784418264877900e+01 1.006984858126704552e+02 9.409779615045071921e+01 9.964849834263476680e+01 6.369040353923770681e+01
1.003605632631994951e+02 1.019210087922617447e+02 7.903927507166721966e+01 1.003605632631994951e+02 1.003605632631994951e+02 8.125197759869418235e+01 9.409779615045071921e+01 1.006984858126704552e+02 1.015915597720437944e+02 1.003605632631994951e+02
7.958358810966140595e+01 8.533349397704587602e+01 9.964849834263476680e+01 8.979908921601040106e+01 6.163070058083256697e+01 9.964849834263476680e+01 9.964849834263476680e+01 1.015915597720437944e+02 1.028225562808880937e+02 9.753647563849025914e+01
5.931561617343698600e+01 1.019210087922617447e+02 6.578267129679922220e+01 5.931561617343697890e+01 9.225039499609242455e+01 6.305416261343084727e+01 6.369040353923770681e+01 1.003605632631994951e+02 9.753647563849025914e+01 4.550180968908916412e+01
