2.869821839345492620e+00 1.011354071570739563e+02 1.011354071570739563e+02 1.011354071570739563e+02 6.920508982317984703e+01 1.011354071570739563e+02 1.011354071570739563e+02 6.920508982317984703e+01 1.011354071570739563e+02 1.011354071570739563e+02
1.011354071570739563e+02 1.004677564368030573e+02 6.909535154862477668e+01 7.756466035118508273e+01 9.916611314126342336e+01 7.937674328427840464e+01 9.719681912545286195e+01 9.916611314126342336e+01 9.719681912545286195e+01 8.314608533703882642e+01
1.011354071570739563e+02 6.909535154862477668e+01 3.062206991106453202e+01 1.004677564368030573e+02 1.008015817969385068e+02 6.408044343434053758e+01 1.004677564368030573e+02 1.008015817969385068e+02 1.004677564368030573e+02 6.010260493572469898e+01
1.011354071570739563e+02 7.756466035118508273e+01 1.004677564368030573e+02 9.392588181410269499e+01 9.569022940144697031e+01 9.342747707269245439e+01 9.024505164582001271e+01 9.569022940144697031e+01 6.884660146116668500e+01 7.972207161361231442e+01
6.920508982317984703e+01 9.916611314126342336e+01 1.008015817969385068e+02 9.569022940144697031e+01 1.011354071570739563e+02 9.916611314126342336e+01 7.848844765352430386e+01 6.054214380899291825e+01 9.384981431730562917e+01 9.732569805712205380e+01
1.011354071570739563e+02 7.937674328427840464e+01 6.408044343434053758e+01 9.342747707269245439e+01 9.916611314126342336e+01 1.004677564368030573e+02 9.719681912545286195e+01 9.916611314126342336e+01 9.719681912545286195e+01 7.990639641010005789e+01
1.011354071570739563e+02 9.719681912545287616e+01 1.004677564368030573e+02 9.024505164581999850e+01 7.848844765352430386e+01 9.719681912545287616e+01 6.409619807347925757e+01 7.848844765352430386e+01 8.656422147753730201e+01 9.351598895717017967e+01
6.920508982317984703e+01 9.916611314126342336e+01 1.008015817969385068e+02 9.569022940144697031e+01 6.054214380899291825e+01 9.916611314126342336e+01 7.848844765352430386e+01 1.011354071570739563e+02 9.384981431730562917e+01 9.732569805712208222e+01
1.011354071570739563e+02 9.719681912545287616e+01 1.004677564368030573e+02 6.884660146116669921e+01 9.384981431730562917e+01 9.719681912545287616e+01 8.656422147753730201e+01 9.384981431730562917e+01 7.474454544747473506e+01 7.492673752195531733e+01
1.011354071570739563e+02 8.314608533703882642e+01 6.010260493572469187e+01 7.972207161361231442e+01 9.732569805712205380e+01 7.990639641010005789e+01 9.351598895717017967e+01 9.732569805712205380e+01 7.492673752195531733e+01 1.004677564368030573e+02
