1.076104564094851952e+02 8.805704216878916668e+01 8.501097634367211242e+01 8.166808144299510275e+01 7.954896743420258076e+01 1.042197140971515950e+02 1.039432698581871364e+02 8.795803274414481621e+01 9.500819544334491695e+01 1.040422792828314726e+02
8.805704216878916668e+01 1.076104564094851952e+02 8.826264171258037550e+01 6.416981655409804830e+01 8.805704216878916668e+01 1.043187235217959454e+02 1.041412887074758089e+02 8.102810318572464610e+01 1.041412887074758089e+02 1.003847904188725977e+02
8.501097634367211242e+01 8.826264171258037550e+01 1.076104564094851952e+02 8.826264171258037550e+01 6.587498538958186600e+01 1.042197140971515950e+02 1.039432698581871364e+02 8.816363228793603923e+01 1.007906139139232096e+02 1.040422792828314869e+02
8.166808144299510275e+01 6.416981655409806251e+01 8.826264171258037550e+01 1.076104564094851952e+02 8.280063280311084384e+01 1.043187235217959312e+02 1.041412887074758089e+02 8.805704216878916668e+01 1.041412887074758089e+02 1.003847904188725977e+02
7.954896743420258076e+01 8.805704216878916668e+01 6.587498538958186600e+01 8.280063280311084384e+01 1.076104564094851952e+02 1.042197140971515950e+02 1.039432698581871364e+02 8.795803274414481621e+01 1.007906139139232096e+02 1.040422792828314869e+02
1.042197140971516092e+02 1.043187235217959454e+02 1.042197140971515950e+02 1.043187235217959312e+02 1.042197140971515950e+02 1.076104564094851952e+02 8.079524372097226603e+01 9.264570102854415268e+01 9.150254764498788518e+01 9.246826621422404457e+01
1.039432698581871364e+02 1.041412887074758089e+02 1.039432698581871364e+02 1.041412887074758089e+02 1.039432698581871364e+02 8.079524372097226603e+01 4.310274873771809123e-02 5.462847892936118654e+01 7.712805716967419301e+01 6.235970111681631067e+01
8.795803274414481621e+01 8.102810318572466031e+01 8.816363228793602502e+01 8.805704216878916668e+01 8.795803274414481621e+01 9.264570102854416689e+01 5.462847892936118654e+01 1.076104564094851952e+02 9.236925678957970831e+01 8.498507876315075293e+01
9.500819544334491695e+01 1.041412887074758089e+02 1.007906139139232096e+02 1.041412887074758089e+02 1.007906139139232096e+02 9.150254764498787097e+01 7.712805716967419301e+01 9.236925678957970831e+01 1.002760833068890634e+02 8.890008908757030781e+01
1.040422792828314726e+02 1.003847904188725977e+02 1.040422792828314869e+02 1.003847904188725977e+02 1.040422792828314869e+02 9.246826621422403036e+01 6.235970111681630357e+01 8.498507876315075293e+01 8.890008908757030781e+01 1.006721210054664368e+02
