1.004615038305033750e+02 9.556782725969839021e+01 7.827259122340610986e+01 5.684112324877827405e+01 9.791467601496511008e+01 9.556782725969839021e+01 9.556782725969839021e+01 1.009514546916191620e+02 1.003469505073554444e+02 8.198119619770093891e+01
9.556782725969839021e+01 3.204234598098305753e+01 1.004615038305033750e+02 9.556782725969839021e+01 7.101593517215036400e+01 7.647305601512574924e+01 8.342181124790951685e+01 1.010514442217549345e+02 1.004323762444790589e+02 1.004615038305033750e+02
7.827259122340610986e+01 1.004615038305033750e+02 1.000615457099602992e+02 7.605742271771116236e+01 9.678849484592245744e+01 1.004615038305033750e+02 1.004615038305033750e+02 9.737843523717401695e+01 9.093653987235154545e+01 7.830818721312002140e+01
5.684112324877827405e+01 9.556782725969839021e+01 7.605742271771116236e+01 1.004615038305033750e+02 9.791467601496511008e+01 9.556782725969839021e+01 9.556782725969839021e+01 1.009514546916191620e+02 1.003469505073554444e+02 8.198119619770093891e+01
9.791467601496511008e+01 7.101593517215036400e+01 9.678849484592245744e+01 9.791467601496511008e+01 1.004615038305033750e+02 8.846727992281455499e+01 9.194165753920643169e+01 7.637944416380810253e+01 9.687392058304607190e+01 7.760448763877778333e+01
9.556782725969839021e+01 7.647305601512574924e+01 1.004615038305033750e+02 9.556782725969839021e+01 8.846727992281455499e+01 2.657148024394812236e+00 6.531251781036942816e+01 1.010514442217549345e+02 1.004323762444790589e+02 1.004615038305033750e+02
9.556782725969839021e+01 8.342181124790951685e+01 1.004615038305033750e+02 9.556782725969839021e+01 9.194165753920644590e+01 6.531251781036942816e+01 9.037056648069327025e+01 1.010514442217549345e+02 1.004323762444790589e+02 1.004615038305033750e+02
1.009514546916191620e+02 1.010514442217549345e+02 9.737843523717401695e+01 1.009514546916191620e+02 7.637944416380810253e+01 1.010514442217549345e+02 1.010514442217549345e+02 1.016413846130064940e+02 9.747842476730978944e+01 7.819442803002934284e+01
1.003469505073554444e+02 1.004323762444790589e+02 9.093653987235154545e+01 1.003469505073554444e+02 9.687392058304607190e+01 1.004323762444790589e+02 1.004323762444790589e+02 9.747842476730978944e+01 1.004615038305033750e+02 9.678849484592245744e+01
8.198119619770093891e+01 1.004615038305033750e+02 7.830818721312002140e+01 8.198119619770093891e+01 7.760448763877778333e+01 1.004615038305033750e+02 1.004615038305033750e+02 7.819442803002934284e+01 9.678849484592245744e+01 1.000615457099602992e+02
