6.046447045651461139e+01 4.521032868325783483e+01 6.013034239601026343e+01 7.676088004219162997e+01 9.982463610097592266e+01 1.001407213522366959e+02 1.001407213522366959e+02 9.059270347221590214e+01 7.492528149642281221e+01 7.798498354430896029e+01
4.521032868325783483e+01 6.046447045651461139e+01 6.013034239601026343e+01 7.084159656369396885e+01 9.982463610097592266e+01 1.001407213522366959e+02 1.001407213522366959e+02 9.059270347221590214e+01 7.492528149642281221e+01 7.798498354430896029e+01
6.013034239601026343e+01 6.013034239601026343e+01 8.104468559219512258e+01 8.544764968829578322e+01 9.982463610097592266e+01 1.001407213522366959e+02 1.001407213522366959e+02 7.377388285261122292e+01 7.798498354430896029e+01 6.269601394864735511e+01
7.676088004219162997e+01 7.084159656369396885e+01 8.544764968829578322e+01 1.001407213522366959e+02 9.998267872660630928e+01 6.682945124163235562e+01 7.242426487507871968e+01 7.871107735692413598e+01 8.753300142432975406e+01 8.906285244827283520e+01
9.982463610097592266e+01 9.982463610097592266e+01 9.982463610097592266e+01 9.998267872660630928e+01 1.452542648126576408e+00 1.001407213522366959e+02 1.001407213522366959e+02 9.998267872660630928e+01 9.982463610097592266e+01 9.982463610097592266e+01
1.001407213522366959e+02 1.001407213522366959e+02 1.001407213522366959e+02 6.682945124163235562e+01 1.001407213522366959e+02 2.358814301641784628e+00 5.826462572150916941e+01 6.238450011707379161e+01 1.001407213522366959e+02 1.001407213522366959e+02
1.001407213522366959e+02 1.001407213522366959e+02 1.001407213522366959e+02 7.242426487507871968e+01 1.001407213522366959e+02 5.826462572150917651e+01 8.301107031199033770e+01 7.920267353687293621e+01 1.001407213522366959e+02 1.001407213522366959e+02
9.059270347221590214e+01 9.059270347221590214e+01 7.377388285261122292e+01 7.871107735692413598e+01 9.998267872660630928e+01 6.238450011707379872e+01 7.920267353687293621e+01 1.001407213522366959e+02 9.059270347221590214e+01 7.275600757912027916e+01
7.492528149642281221e+01 7.492528149642281221e+01 7.798498354430896029e+01 8.753300142432975406e+01 9.982463610097592266e+01 1.001407213522366959e+02 1.001407213522366959e+02 9.059270347221590214e+01 3.340199505845639294e+00 4.214255195694289569e+01
7.798498354430896029e+01 7.798498354430896029e+01 6.269601394864735511e+01 8.906285244827283520e+01 9.982463610097592266e+01 1.001407213522366959e+02 1.001407213522366959e+02 7.275600757912029337e+01 4.214255195694289569e+01 8.104468559219512258e+01
