9.926125498109317391e+01 7.160921867042657141e+01 9.297011698519267497e+01 8.531541229586308361e+01 8.531541229586308361e+01 8.174305718273441812e+01 9.297011698519267497e+01 8.352923473929874376e+01 7.438986154159638886e+01 5.903840069286860626e+01
7.160921867042657141e+01 9.926125498109317391e+01 9.297011698519267497e+01 8.531541229586308361e+01 8.531541229586308361e+01 7.645572171767203429e+01 9.297011698519267497e+01 7.666931061758481292e+01 7.488313306102047306e+01 8.174305718273441812e+01
9.297011698519267497e+01 9.297011698519267497e+01 1.006248216745222805e+02 7.003817955314573851e+01 7.836304200275922938e+01 9.994303832780772723e+01 8.778381325546854441e+01 8.751820799517066973e+01 9.994303832780772723e+01 9.994303832780772723e+01
8.531541229586308361e+01 8.531541229586308361e+01 7.003817955314573851e+01 4.956193365054497235e+01 4.872630901677257498e+01 9.926125498109317391e+01 6.771842434831002322e+01 6.878331368892345665e+01 9.926125498109317391e+01 9.926125498109317391e+01
8.531541229586308361e+01 8.531541229586308361e+01 7.836304200275922938e+01 4.872630901677257498e+01 6.264059101144739117e+01 9.926125498109317391e+01 6.685173387266439704e+01 7.205297802914905958e+01 9.926125498109317391e+01 9.926125498109317391e+01
8.174305718273441812e+01 7.645572171767203429e+01 9.994303832780772723e+01 9.926125498109317391e+01 9.926125498109317391e+01 2.946862730010129106e-01 9.994303832780772723e+01 7.645572171767203429e+01 5.893752391931327850e+01 6.422485938437566233e+01
9.297011698519267497e+01 9.297011698519267497e+01 8.778381325546854441e+01 6.771842434831002322e+01 6.685173387266439704e+01 9.994303832780772723e+01 1.006248216745222805e+02 8.188992736827505325e+01 9.994303832780772723e+01 9.994303832780772723e+01
8.352923473929874376e+01 7.666931061758481292e+01 8.751820799517068394e+01 6.878331368892345665e+01 7.205297802914905958e+01 7.645572171767203429e+01 8.188992736827506747e+01 9.926125498109317391e+01 6.791934056340002712e+01 8.174305718273441812e+01
7.438986154159638886e+01 7.488313306102047306e+01 9.994303832780772723e+01 9.926125498109317391e+01 9.926125498109317391e+01 5.893752391931327850e+01 9.994303832780772723e+01 6.791934056340002712e+01 6.422485938437566233e+01 4.951846810209960381e+01
5.903840069286860626e+01 8.174305718273441812e+01 9.994303832780772723e+01 9.926125498109317391e+01 9.926125498109317391e+01 6.422485938437566233e+01 9.994303832780772723e+01 8.174305718273441812e+01 4.951846810209960381e+01 3.468371581385156222e-01
