2.361588687917577190e+01 1.065868138658649116e+02 1.065868138658649116e+02 1.065868138658649116e+02 1.065868138658649116e+02 1.065868138658649116e+02 1.065868138658649116e+02 1.041053915884554897e+02 1.065868138658649116e+02 1.065868138658649116e+02
1.065868138658649116e+02 1.000239706174427425e+02 8.036669717651594169e+01 9.703126103353343979e+01 8.131282878721199836e+01 8.811044828479607816e+01 8.131282878721199836e+01 7.901837208013375857e+01 9.097432701753719186e+01 8.836607055760674712e+01
1.065868138658649116e+02 8.036669717651594169e+01 5.754448947357661126e+01 9.915445428468670741e+01 6.260168695698125418e+01 8.131282878721199836e+01 6.260168695698125418e+01 8.364811880072703332e+01 8.161875610242181267e+01 7.670817049777075169e+01
1.065868138658649116e+02 9.703126103353343979e+01 9.915445428468670741e+01 1.000239706174427425e+02 9.915445428468670741e+01 7.610042810600609187e+01 9.915445428468670741e+01 1.028706340752758024e+02 9.989513976627453928e+01 9.915445428468670741e+01
1.065868138658649116e+02 8.131282878721199836e+01 6.260168695698125418e+01 9.915445428468670741e+01 5.776462791867764679e-01 5.327162197319122328e+01 6.519273328939707568e+00 8.459425041142307578e+01 5.997346347912399978e+01 6.119991139659058632e+01
1.065868138658649116e+02 8.811044828479607816e+01 8.131282878721199836e+01 7.610042810600609187e+01 5.327162197319122328e+01 1.000239706174427425e+02 5.167998518700382959e+01 9.394982132653845497e+01 8.015168070588828186e+01 8.061194100701666798e+01
1.065868138658649116e+02 8.131282878721199836e+01 6.260168695698125418e+01 9.915445428468670741e+01 6.519273328939707568e+00 5.167998518700382959e+01 5.475161847886881539e+00 8.459425041142307578e+01 5.997346347912399978e+01 6.119991139659058632e+01
1.041053915884554897e+02 7.901837208013375857e+01 8.364811880072703332e+01 1.028706340752758166e+02 8.459425041142308999e+01 9.394982132653845497e+01 8.459425041142308999e+01 1.065868138658649116e+02 9.410278498414335502e+01 9.164749218181783874e+01
1.065868138658649116e+02 9.097432701753719186e+01 8.161875610242181267e+01 9.989513976627453928e+01 5.997346347912400688e+01 8.015168070588828186e+01 5.997346347912400688e+01 9.410278498414336923e+01 1.006358252478623712e+02 8.091786832222648229e+01
1.065868138658649116e+02 8.836607055760674712e+01 7.670817049777075169e+01 9.915445428468670741e+01 6.119991139659059343e+01 8.061194100701666798e+01 6.119991139659059343e+01 9.164749218181782453e+01 8.091786832222648229e+01 9.081465403856024921e+01
