1.004705546612224225e+02 6.492485656074140365e+01 8.066494055497265947e+01 8.134292001545632900e+01 9.903641828540685310e+01 5.629562855116802211e+01 9.972242506521600092e+01 8.335191017651831658e+01 1.003007697592693717e+02 1.003546008021472602e+02
6.492485656074140365e+01 3.464194593266627464e+01 6.142959079536936429e+01 6.286372717118493370e+01 9.760228190959128369e+01 2.937915846026039191e+01 9.903641828540685310e+01 9.903641828540685310e+01 1.001309848573163350e+02 1.003007697592693717e+02
8.066494055497265947e+01 6.142959079536936429e+01 9.760228190959128369e+01 7.608328275591050271e+01 7.861372459514353750e+01 6.085932644872289643e+01 7.600738483120221645e+01 9.887942229800481186e+01 1.001309848573163350e+02 1.003007697592693717e+02
8.134292001545632900e+01 6.286372717118493370e+01 7.608328275591050271e+01 1.004705546612224225e+02 9.903641828540685310e+01 6.229346282453846584e+01 9.972242506521600092e+01 9.971439774589052263e+01 1.003007697592693717e+02 1.003546008021472602e+02
9.903641828540685310e+01 9.760228190959128369e+01 7.861372459514353750e+01 9.903641828540685310e+01 9.697429795998311874e+01 9.760228190959128369e+01 8.004786097095910691e+01 8.341304329744576762e+01 1.001309848573163350e+02 1.003007697592693717e+02
5.629562855116802211e+01 2.937915846026039191e+01 6.085932644872289643e+01 6.229346282453846584e+01 9.760228190959128369e+01 1.850212479148735989e+00 9.903641828540685310e+01 9.903641828540685310e+01 1.001309848573163350e+02 1.003007697592693717e+02
9.972242506521600092e+01 9.903641828540685310e+01 7.600738483120221645e+01 9.972242506521600092e+01 8.004786097095910691e+01 9.903641828540685310e+01 1.004705546612224225e+02 9.956542907781395968e+01 1.003007697592693717e+02 8.186510494570825358e+01
8.335191017651831658e+01 9.903641828540685310e+01 9.887942229800481186e+01 9.971439774589052263e+01 8.341304329744576762e+01 9.903641828540685310e+01 9.956542907781395968e+01 1.004705546612224225e+02 1.003007697592693717e+02 1.003546008021472602e+02
1.003007697592693717e+02 1.001309848573163350e+02 1.001309848573163350e+02 1.003007697592693717e+02 1.001309848573163350e+02 1.001309848573163350e+02 1.003007697592693717e+02 1.003007697592693717e+02 6.863632803455245401e+00 5.248565492446719105e+01
1.003546008021472602e+02 1.003007697592693717e+02 1.003007697592693717e+02 1.003546008021472602e+02 1.003007697592693717e+02 1.003007697592693717e+02 8.186510494570825358e+01 1.003546008021472602e+02 5.248565492446718395e+01 1.004705546612224225e+02
