1.009398508553137077e+02 8.712295531953267869e+01 7.831411266574068009e+01 8.552808271739769452e+01 6.921944232761613591e+01 7.609795616025920140e+01 6.949678892874081271e+01 9.913917511745840727e+01 7.525985891880453948e+01 8.083102002896960414e+01
8.712295531953266448e+01 1.009398508553137077e+02 7.831411266574068009e+01 8.887637141096534776e+01 7.510673552160693589e+01 8.712295531953266448e+01 9.913917511745840727e+01 6.273329990961738645e+01 8.712295531953266448e+01 8.712295531953266448e+01
7.831411266574068009e+01 7.831411266574068009e+01 6.384123956100379083e+00 7.861356770447230247e+01 5.568837447616766667e+01 7.831411266574068009e+01 1.009398508553137077e+02 1.009398508553137077e+02 7.831411266574068009e+01 7.831411266574068009e+01
8.552808271739768031e+01 8.887637141096534776e+01 7.861356770447230247e+01 1.009398508553137077e+02 7.861356770447230247e+01 8.552808271739768031e+01 9.244259773032305816e+01 9.913917511745840727e+01 8.552808271739768031e+01 6.770306629407878063e+01
6.921944232761613591e+01 7.510673552160693589e+01 5.568837447616766667e+01 7.861356770447230247e+01 4.781555701653281254e+00 5.444921192429224277e+01 1.009398508553137077e+02 1.009398508553137077e+02 6.921944232761613591e+01 6.403301923720776756e+01
7.609795616025920140e+01 8.712295531953266448e+01 7.831411266574068009e+01 8.552808271739768031e+01 5.444921192429224277e+01 1.009398508553137077e+02 6.783973518661261437e+01 9.913917511745840727e+01 6.798568825255411241e+01 7.823780848376541996e+01
6.949678892874081271e+01 9.913917511745840727e+01 1.009398508553137077e+02 9.244259773032305816e+01 1.009398508553137077e+02 6.783973518661260016e+01 6.501308913049084026e+01 9.733849937960310683e+01 7.486420208519717789e+01 9.244259773032305816e+01
9.913917511745840727e+01 6.273329990961738645e+01 1.009398508553137077e+02 9.913917511745840727e+01 1.009398508553137077e+02 9.913917511745840727e+01 9.733849937960310683e+01 5.935018797547715330e+00 9.913917511745840727e+01 9.913917511745840727e+01
7.525985891880453948e+01 8.712295531953266448e+01 7.831411266574068009e+01 8.552808271739768031e+01 6.921944232761613591e+01 6.798568825255411241e+01 7.486420208519717789e+01 9.913917511745840727e+01 1.009398508553137077e+02 8.083102002896960414e+01
8.083102002896960414e+01 8.712295531953266448e+01 7.831411266574068009e+01 6.770306629407878063e+01 6.403301923720776756e+01 7.823780848376541996e+01 9.244259773032305816e+01 9.913917511745840727e+01 8.083102002896960414e+01 1.009398508553137077e+02
