1.007893020560715627e+02 8.284963042932974986e+01 6.243327098721255197e+01 9.920070592637455320e+01 8.814469528173385982e+01 9.901907743354286140e+01 7.800759512779329441e+01 9.901907743354286140e+01 9.816124750632957330e+01 1.002401643464195331e+02
8.284963042932974986e+01 9.969102663676751774e+01 1.007893020560715627e+02 9.655816459238421601e+01 8.936578219461053152e+01 8.755259063571135414e+01 9.814676072208121127e+01 7.992948985912816795e+01 9.761210979667754373e+01 8.493219199396259000e+01
6.243327098721255197e+01 1.007893020560715627e+02 1.619591151796467621e+00 1.007893020560715627e+02 9.779799052066618970e+01 9.779799052066618970e+01 6.243327098721255197e+01 9.779799052066618970e+01 1.007893020560715627e+02 1.007893020560715627e+02
9.920070592637455320e+01 9.655816459238421601e+01 1.007893020560715627e+02 9.969102663676751774e+01 9.920070592637455320e+01 9.814676072208121127e+01 7.597485409245999222e+01 9.814676072208121127e+01 9.227311998333493648e+01 7.333231275846964081e+01
8.814469528173385982e+01 8.936578219461053152e+01 9.779799052066618970e+01 9.920070592637455320e+01 1.007893020560715627e+02 7.698942715827712391e+01 9.901907743354286140e+01 7.587583859178974421e+01 9.816124750632957330e+01 1.002401643464195331e+02
9.901907743354286140e+01 8.755259063571135414e+01 9.779799052066618970e+01 9.814676072208121127e+01 7.698942715827712391e+01 1.007893020560715627e+02 9.692567380920453957e+01 6.430185344756894494e+01 1.002401643464195331e+02 8.548132970361461958e+01
7.800759512779329441e+01 9.814676072208121127e+01 6.243327098721255197e+01 7.597485409245999222e+01 9.901907743354286140e+01 9.692567380920453957e+01 1.007893020560715627e+02 9.692567380920453957e+01 1.002401643464195331e+02 7.382303861426078129e+01
9.901907743354286140e+01 7.992948985912816795e+01 9.779799052066618970e+01 9.814676072208121127e+01 7.587583859178974421e+01 6.430185344756894494e+01 9.692567380920453957e+01 1.007893020560715627e+02 1.002401643464195331e+02 8.548132970361461958e+01
9.816124750632957330e+01 9.761210979667754373e+01 1.007893020560715627e+02 9.227311998333493648e+01 9.816124750632957330e+01 1.002401643464195331e+02 1.002401643464195331e+02 1.002401643464195331e+02 2.140601155665614286e+01 9.969102663676751774e+01
1.002401643464195331e+02 8.493219199396259000e+01 1.007893020560715627e+02 7.333231275846964081e+01 1.002401643464195331e+02 8.548132970361461958e+01 7.382303861426078129e+01 8.548132970361461958e+01 9.969102663676751774e+01 9.131741213941421620e+01
