1.001908401569335751e+02 8.962630571111533584e+01 1.013243027668257810e+02 1.016381037574864195e+02 1.013243027668257810e+02 1.016381037574864195e+02 1.016381037574864195e+02 7.824210964606552920e+01 1.016381037574864195e+02 8.994010670177597433e+01
8.962630571111533584e+01 1.010105017761651425e+02 8.488914932481868902e+01 1.016381037574864195e+02 8.107730625421078230e+01 1.016381037574864195e+02 1.016381037574864195e+02 6.242659056666161632e+01 1.016381037574864195e+02 8.203234716207401789e+01
1.013243027668257810e+02 8.488914932481868902e+01 1.016381037574864195e+02 8.576845708740771101e+01 8.030267620086713976e+01 9.657917686200883622e+01 9.657917686200883622e+01 1.013243027668257810e+02 5.471649000380153183e+01 9.895173981441730859e+01
1.016381037574864195e+02 1.016381037574864195e+02 8.576845708740771101e+01 9.152024996653125299e+01 9.436526669046575932e+01 4.951851529907082750e+01 6.340309492079861542e+01 1.016381037574864195e+02 6.989881041732898836e+01 7.734832006456716158e+01
1.013243027668257810e+02 8.107730625421078230e+01 8.030267620086713976e+01 9.436526669046575932e+01 1.016381037574864195e+02 9.657917686200883622e+01 9.657917686200883622e+01 1.013243027668257810e+02 9.215135651892268243e+01 9.895173981441730859e+01
1.016381037574864195e+02 1.016381037574864195e+02 9.657917686200883622e+01 4.951851529907083460e+01 9.657917686200883622e+01 6.462925480329900552e+00 3.441405366220644169e+01 1.016381037574864195e+02 9.152024996653125299e+01 5.811746326712548694e+01
1.016381037574864195e+02 1.016381037574864195e+02 9.657917686200883622e+01 6.340309492079862252e+01 9.657917686200883622e+01 3.441405366220644169e+01 6.305509911852156080e+01 1.016381037574864195e+02 9.152024996653125299e+01 7.023203235256472965e+01
7.824210964606552920e+01 6.242659056666161632e+01 1.013243027668257810e+02 1.016381037574864195e+02 1.013243027668257810e+02 1.016381037574864195e+02 1.016381037574864195e+02 2.257865312269256819e+01 1.016381037574864195e+02 6.199496883753010934e+01
1.016381037574864195e+02 1.016381037574864195e+02 5.471649000380153893e+01 6.989881041732898836e+01 9.215135651892268243e+01 9.152024996653125299e+01 9.152024996653125299e+01 1.016381037574864195e+02 1.129556897812767069e+01 9.657917686200883622e+01
8.994010670177597433e+01 8.203234716207401789e+01 9.895173981441730859e+01 7.734832006456716158e+01 9.895173981441730859e+01 5.811746326712547983e+01 7.023203235256474386e+01 6.199496883753010934e+01 9.657917686200883622e+01 1.016381037574864195e+02
