1.022106240813039761e+02 8.338327267634338114e+01 8.479400341516677031e+01 7.303576562317158505e+01 8.133127992337615808e+01 9.024736128456122231e+01 9.024736128456122231e+01 9.024736128456122231e+01 7.874314725344872556e+01 7.874314725344872556e+01
8.338327267634338114e+01 1.253272829480109651e+00 1.011161514148144249e+02 8.338327267634338114e+01 8.338327267634338114e+01 8.338327267634338114e+01 8.338327267634338114e+01 8.338327267634338114e+01 8.338327267634338114e+01 8.338327267634338114e+01
8.479400341516677031e+01 1.011161514148144249e+02 1.022106240813039761e+02 8.863142640959443952e+01 9.440032621276810687e+01 1.001356404407069220e+02 1.001356404407069220e+02 1.001356404407069220e+02 8.863142640959442531e+01 8.863142640959442531e+01
7.303576562317158505e+01 8.338327267634338114e+01 8.863142640959443952e+01 1.022106240813039761e+02 8.133127992337615808e+01 9.024736128456120809e+01 9.024736128456120809e+01 9.024736128456120809e+01 6.935010204987725047e+01 6.935010204987725047e+01
8.133127992337615808e+01 8.338327267634338114e+01 9.440032621276810687e+01 8.133127992337615808e+01 1.022106240813039761e+02 9.024736128456122231e+01 9.024736128456122231e+01 9.024736128456122231e+01 8.451204705662239292e+01 8.451204705662239292e+01
9.024736128456122231e+01 8.338327267634338114e+01 1.001356404407069363e+02 9.024736128456122231e+01 9.024736128456122231e+01 1.022106240813039761e+02 7.425811009098804050e+01 6.456155345502001808e+01 7.803882440550398769e+01 7.803882440550398769e+01
9.024736128456122231e+01 8.338327267634338114e+01 1.001356404407069363e+02 9.024736128456122231e+01 9.024736128456122231e+01 7.425811009098804050e+01 1.022106240813039761e+02 6.502990721843266897e+01 8.498393871540429245e+01 8.498393871540429245e+01
9.024736128456122231e+01 8.338327267634338114e+01 1.001356404407069363e+02 9.024736128456122231e+01 9.024736128456122231e+01 6.456155345502001808e+01 6.502990721843266897e+01 1.022106240813039761e+02 8.498393871540429245e+01 8.498393871540429245e+01
7.874314725344872556e+01 8.338327267634338114e+01 8.863142640959443952e+01 6.935010204987726468e+01 8.451204705662239292e+01 7.803882440550398769e+01 8.498393871540429245e+01 8.498393871540429245e+01 1.022106240813039761e+02 5.284043168813879277e+01
7.874314725344872556e+01 8.338327267634338114e+01 8.863142640959443952e+01 6.935010204987726468e+01 8.451204705662239292e+01 7.803882440550398769e+01 8.498393871540429245e+01 8.498393871540429245e+01 5.284043168813879277e+01 1.022106240813039761e+02
