1.025624349749560764e+02 1.014031932335878139e+02 9.892759780360101729e+01 9.923331754869049348e+01 8.776206045807559519e+01 8.776206045807559519e+01 9.923331754869047927e+01 9.706344186379317307e+01 1.014031932335878139e+02 7.846067905235801732e+01
1.014031932335878139e+02 1.001218838523591472e+02 1.014031932335878139e+02 8.760375227814763832e+01 1.014031932335878139e+02 1.014031932335878139e+02 8.760375227814763832e+01 1.025624349749560764e+02 8.445789856754184655e+01 1.002439514922195372e+02
9.892759780360101729e+01 1.014031932335878139e+02 1.025624349749560764e+02 7.648450583184850871e+01 8.990001116956517535e+01 8.189520340355622352e+01 8.220092314864569971e+01 6.299865306370359974e+01 1.014031932335878139e+02 1.007917537434088615e+02
9.923331754869049348e+01 8.760375227814762411e+01 7.648450583184850871e+01 1.025624349749560764e+02 9.020573091465465154e+01 8.220092314864569971e+01 5.915584699946279557e+01 6.299865306370359974e+01 1.013421594136576118e+02 1.014031932335878139e+02
8.776206045807559519e+01 1.014031932335878139e+02 8.990001116956517535e+01 9.020573091465465154e+01 1.025624349749560764e+02 6.704991469668524928e+01 9.020573091465465154e+01 7.900826859572150340e+01 1.014031932335878139e+02 6.847877603050210382e+01
8.776206045807559519e+01 1.014031932335878139e+02 8.189520340355622352e+01 8.220092314864569971e+01 6.704991469668524928e+01 1.025624349749560764e+02 7.920598802098625413e+01 5.572696437450938589e+01 1.014031932335878139e+02 6.847877603050210382e+01
9.923331754869049348e+01 8.760375227814762411e+01 8.220092314864569971e+01 5.915584699946279557e+01 9.020573091465465154e+01 7.920598802098625413e+01 1.025624349749560764e+02 5.700878280838470857e+01 1.013421594136576118e+02 1.014031932335878139e+02
9.706344186379317307e+01 1.025624349749560764e+02 6.299865306370359974e+01 6.299865306370359974e+01 7.900826859572150340e+01 5.572696437450938589e+01 5.700878280838470857e+01 1.191419475008856921e+00 1.025624349749560764e+02 1.025624349749560764e+02
1.014031932335878139e+02 8.445789856754184655e+01 1.014031932335878139e+02 1.013421594136576118e+02 1.014031932335878139e+02 1.014031932335878139e+02 1.013421594136576118e+02 1.025624349749560764e+02 8.065056904288582018e+01 1.002439514922195372e+02
7.846067905235801732e+01 1.002439514922195372e+02 1.007917537434088615e+02 1.014031932335878139e+02 6.847877603050210382e+01 6.847877603050210382e+01 1.014031932335878139e+02 1.025624349749560764e+02 1.002439514922195372e+02 7.104831097376429483e+00
