1.015936662512083473e+02 8.007236043752652677e+01 1.014666001936120949e+02 8.440246037924406153e+01 7.974212651449695954e+01 1.011923668831737757e+02 1.014666001936120949e+02 1.011923668831737757e+02 8.440246037924406153e+01 1.014666001936120949e+02
8.007236043752654098e+01 1.002426008942625515e+02 1.013395341360158568e+02 1.015936662512083473e+02 7.994529437993028864e+01 8.700608338483158377e+01 1.013395341360158568e+02 8.700608338483158377e+01 1.015936662512083473e+02 1.013395341360158568e+02
1.014666001936120949e+02 1.013395341360158568e+02 2.637148570252997715e+01 1.015936662512083473e+02 8.850084923728690001e+01 8.850084923728690001e+01 7.566216433855792900e+01 8.850084923728690001e+01 1.015936662512083473e+02 5.099624975278130989e+01
8.440246037924406153e+01 1.015936662512083473e+02 1.015936662512083473e+02 2.376642740767211492e+01 1.015936662512083473e+02 1.015936662512083473e+02 1.015936662512083473e+02 1.015936662512083473e+02 4.279596043163923724e+01 1.015936662512083473e+02
7.974212651449695954e+01 7.994529437993027443e+01 8.850084923728690001e+01 1.015936662512083473e+02 1.013395341360158568e+02 7.918442510259095002e+01 6.937489926245552851e+01 8.508298338879737344e+01 1.015936662512083473e+02 7.303931596366480505e+01
1.011923668831737757e+02 8.700608338483158377e+01 8.850084923728690001e+01 1.015936662512083473e+02 7.918442510259095002e+01 1.013395341360158568e+02 6.937489926245552851e+01 6.761013950446925946e+01 1.015936662512083473e+02 7.287110148496563511e+01
1.014666001936120949e+02 1.013395341360158568e+02 7.566216433855792900e+01 1.015936662512083473e+02 6.937489926245552851e+01 6.937489926245552851e+01 1.881470354997169991e+01 5.725696501153755236e+01 1.015936662512083473e+02 5.653621436372655751e+01
1.011923668831737757e+02 8.700608338483158377e+01 8.850084923728690001e+01 1.015936662512083473e+02 8.508298338879737344e+01 6.761013950446925946e+01 5.725696501153755236e+01 1.013395341360158568e+02 1.015936662512083473e+02 7.893787424987121426e+01
8.440246037924406153e+01 1.015936662512083473e+02 1.015936662512083473e+02 4.279596043163923724e+01 1.015936662512083473e+02 1.015936662512083473e+02 1.015936662512083473e+02 1.015936662512083473e+02 6.401743952574909713e+01 1.015936662512083473e+02
1.014666001936120949e+02 1.013395341360158568e+02 5.099624975278130989e+01 1.015936662512083473e+02 7.303931596366480505e+01 7.287110148496563511e+01 5.653621436372655751e+01 7.893787424987121426e+01 1.015936662512083473e+02 7.566216433855792900e+01
