2.319008736149989502e+01 9.872482311605752159e+01 9.936849227372441362e+01 7.225943723877034586e+01 1.009300252601261434e+02 1.009300252601261434e+02 7.068914431249002917e+01 1.000121614313913057e+02 7.069790425236860187e+01 1.000121614313913057e+02
9.872482311605752159e+01 1.957706543310107072e-01 6.951912935695361284e+01 1.009300252601261434e+02 5.624977863077427287e+01 9.772535136116556487e+01 9.936849227372441362e+01 1.000121614313913057e+02 9.936849227372441362e+01 1.000121614313913057e+02
9.936849227372441362e+01 6.951912935695361284e+01 1.000121614313913057e+02 1.012518598389595894e+02 8.632717838057419613e+01 9.964952288947930015e+01 8.605822916034330206e+01 7.403551592539696458e+01 8.605822916034330206e+01 7.403551592539696458e+01
7.225943723877034586e+01 1.009300252601261434e+02 1.012518598389595894e+02 1.031352274041947794e+02 9.477578796360100455e+01 9.477578796360100455e+01 8.691656582828169064e+01 1.015736944177930354e+02 7.952998150102339991e+01 1.015736944177930354e+02
1.009300252601261434e+02 5.624977863077427997e+01 8.632717838057419613e+01 9.477578796360100455e+01 1.031352274041947794e+02 7.546067320731188488e+01 1.012518598389595894e+02 1.015736944177930354e+02 1.012518598389595894e+02 1.015736944177930354e+02
1.009300252601261434e+02 9.772535136116556487e+01 9.964952288947930015e+01 9.477578796360100455e+01 7.546067320731188488e+01 1.031352274041947794e+02 1.012518598389595894e+02 1.015736944177930354e+02 1.012518598389595894e+02 1.015736944177930354e+02
7.068914431249002917e+01 9.936849227372441362e+01 8.605822916034330206e+01 8.691656582828169064e+01 1.012518598389595894e+02 1.012518598389595894e+02 1.000121614313913057e+02 6.298053176800135589e+01 6.133061104824905385e+01 6.590744988100568946e+01
1.000121614313913057e+02 1.000121614313913057e+02 7.403551592539696458e+01 1.015736944177930354e+02 1.015736944177930354e+02 1.015736944177930354e+02 6.298053176800135589e+01 5.063397017627212193e+01 6.364319182398061514e+01 3.612510392380387714e+01
7.069790425236860187e+01 9.936849227372441362e+01 8.605822916034330206e+01 7.952998150102339991e+01 1.012518598389595894e+02 1.012518598389595894e+02 6.133061104824905385e+01 6.364319182398061514e+01 1.000121614313913057e+02 6.590744988100568946e+01
1.000121614313913057e+02 1.000121614313913057e+02 7.403551592539696458e+01 1.015736944177930354e+02 1.015736944177930354e+02 1.015736944177930354e+02 6.590744988100568946e+01 3.612510392380387714e+01 6.590744988100568946e+01 5.063397017627212193e+01
