2.560930144226879435e+01 1.017022411935757020e+02 1.012506666098969106e+02 5.844946407227833163e+01 7.416486042988384497e+01 1.017022411935757020e+02 1.021538157772545077e+02 1.015689795507898054e+02 1.012506666098969106e+02 1.012506666098969106e+02
1.017022411935757020e+02 1.021538157772545077e+02 9.954136034128967481e+01 1.017022411935757020e+02 1.017022411935757020e+02 8.240512202428844546e+01 9.041941199961136988e+01 9.606082659659354306e+01 6.585939330542058201e+01 8.270037682335512841e+01
1.012506666098969106e+02 9.954136034128967481e+01 6.287271663227846918e-01 1.012506666098969106e+02 1.012506666098969106e+02 1.013895166863351847e+02 1.021538157772545077e+02 1.017022411935757020e+02 9.692890490532484193e+01 6.159174170317522368e+01
5.844946407227833163e+01 1.017022411935757020e+02 1.012506666098969106e+02 1.009841433243251174e+02 6.721615454943977852e+01 1.017022411935757020e+02 1.021538157772545077e+02 8.121063222312510277e+01 1.012506666098969106e+02 1.012506666098969106e+02
7.416486042988384497e+01 1.017022411935757020e+02 1.012506666098969106e+02 6.721615454943977852e+01 1.009841433243251174e+02 1.017022411935757020e+02 1.021538157772545077e+02 8.033518671126472555e+01 1.012506666098969106e+02 1.012506666098969106e+02
1.017022411935757020e+02 8.240512202428843125e+01 1.013895166863351847e+02 1.017022411935757020e+02 1.017022411935757020e+02 1.021538157772545077e+02 9.041941199961136988e+01 9.606082659659354306e+01 1.013895166863351847e+02 1.013895166863351847e+02
1.021538157772545077e+02 9.041941199961136988e+01 1.021538157772545077e+02 1.021538157772545077e+02 1.021538157772545077e+02 9.041941199961136988e+01 8.258950440814720739e-01 7.985854201749135939e+01 1.021538157772545077e+02 1.021538157772545077e+02
1.015689795507898054e+02 9.606082659659352885e+01 1.017022411935757020e+02 8.121063222312511698e+01 8.033518671126472555e+01 9.606082659659354306e+01 7.985854201749135939e+01 1.021538157772545077e+02 1.017022411935757020e+02 1.017022411935757020e+02
1.012506666098969106e+02 6.585939330542058201e+01 9.692890490532484193e+01 1.012506666098969106e+02 1.012506666098969106e+02 1.013895166863351847e+02 1.021538157772545077e+02 1.017022411935757020e+02 2.144445879985703840e+01 5.537502788435506318e+01
1.012506666098969106e+02 8.270037682335512841e+01 6.159174170317521657e+01 1.012506666098969106e+02 1.012506666098969106e+02 1.013895166863351847e+02 1.021538157772545077e+02 1.017022411935757020e+02 5.537502788435506318e+01 9.692890490532484193e+01
