5.641462243731890425e+01 9.972519916561783759e+01 1.003160015124929600e+02 1.000206003390553917e+02 3.618294440608554652e+01 1.007040616821249728e+02 1.000206003390553917e+02 1.000206003390553917e+02 1.003160015124929600e+02 1.003160015124929600e+02
9.972519916561783759e+01 3.317867628871564278e+01 1.003160015124929600e+02 6.725670887447215307e+01 9.972519916561783759e+01 1.007040616821249728e+02 6.725670887447215307e+01 6.725670887447215307e+01 1.003160015124929600e+02 1.003160015124929600e+02
1.003160015124929600e+02 1.003160015124929600e+02 1.000126323555826389e+02 7.838954768805821516e+01 1.003160015124929600e+02 7.877760785769022789e+01 9.247881061871849795e+01 8.661576840315066761e+01 7.417271263515205248e+01 6.370380554536006912e+01
1.000206003390553917e+02 6.725670887447215307e+01 7.838954768805821516e+01 1.003160015124929600e+02 1.000206003390553917e+02 7.566640738153823520e+01 6.917311146118103693e+01 6.359044287187425226e+01 9.247881061871849795e+01 1.001643169340377995e+02
3.618294440608554652e+01 9.972519916561783759e+01 1.003160015124929600e+02 1.000206003390553917e+02 1.307951036287842372e+00 1.007040616821249728e+02 1.000206003390553917e+02 1.000206003390553917e+02 1.003160015124929600e+02 1.003160015124929600e+02
1.007040616821249728e+02 1.007040616821249728e+02 7.877760785769022789e+01 7.566640738153823520e+01 1.007040616821249728e+02 1.010921218517569713e+02 9.294271307757809097e+01 8.707967086201026063e+01 9.286687078835051068e+01 1.005523771036698122e+02
1.000206003390553917e+02 6.725670887447215307e+01 9.247881061871849795e+01 6.917311146118103693e+01 1.000206003390553917e+02 9.294271307757809097e+01 1.003160015124929600e+02 6.945348508744207550e+01 7.802261424585503846e+01 1.001643169340377995e+02
1.000206003390553917e+02 6.725670887447215307e+01 8.661576840315066761e+01 6.359044287187425226e+01 1.000206003390553917e+02 8.707967086201026063e+01 6.945348508744207550e+01 1.003160015124929600e+02 9.247881061871849795e+01 1.001643169340377995e+02
1.003160015124929600e+02 1.003160015124929600e+02 7.417271263515205248e+01 9.247881061871849795e+01 1.003160015124929600e+02 9.286687078835051068e+01 7.802261424585503846e+01 9.247881061871849795e+01 1.000126323555826389e+02 5.120765457992239789e+01
1.003160015124929600e+02 1.003160015124929600e+02 6.370380554536006201e+01 1.001643169340377995e+02 1.003160015124929600e+02 1.005523771036698122e+02 1.001643169340377995e+02 1.001643169340377995e+02 5.120765457992239789e+01 2.395010786669517611e+00
