1.718274421606186309e+01 5.409638943866785610e+01 1.014235147590558768e+02 1.014235147590558768e+02 9.821596385167138976e+01 1.015419846143556839e+02 1.014235147590558768e+02 5.409638943866785610e+01 1.013050449037560838e+02 9.821596385167138976e+01
5.409638943866785610e+01 9.488994308898709562e+01 1.014235147590558768e+02 1.014235147590558768e+02 8.237440320166263064e+01 1.015419846143556839e+02 1.014235147590558768e+02 5.729160671923672510e+01 1.013050449037560838e+02 8.237440320166263064e+01
1.014235147590558768e+02 1.014235147590558768e+02 1.015419846143556839e+02 8.086354823711768347e+01 9.664241185258660494e+01 9.186130894611736153e+01 9.222290174220979964e+01 1.014235147590558768e+02 8.255539226983719914e+01 9.664241185258660494e+01
1.014235147590558768e+02 1.014235147590558768e+02 8.086354823711768347e+01 1.015419846143556839e+02 9.385872350757911420e+01 8.629393225610235163e+01 9.222290174220979964e+01 1.014235147590558768e+02 8.255539226983719914e+01 8.143784450903355321e+01
9.821596385167138976e+01 8.237440320166263064e+01 9.664241185258661915e+01 9.385872350757911420e+01 1.015419846143556839e+02 7.697794242760267025e+01 1.011573645905183412e+02 7.719401761731343470e+01 1.014235147590558768e+02 7.566785730074887795e+01
1.015419846143556839e+02 1.015419846143556839e+02 9.186130894611736153e+01 8.629393225610235163e+01 7.697794242760267025e+01 1.258206031622466270e+01 1.008912144219808056e+02 1.015419846143556839e+02 1.015419846143556839e+02 8.629393225610235163e+01
1.014235147590558768e+02 1.014235147590558768e+02 9.222290174220978543e+01 9.222290174220978543e+01 1.011573645905183412e+02 1.008912144219808056e+02 1.015419846143556839e+02 1.014235147590558768e+02 8.355458906243877948e+01 1.011573645905183412e+02
5.409638943866785610e+01 5.729160671923672510e+01 1.014235147590558768e+02 1.014235147590558768e+02 7.719401761731343470e+01 1.015419846143556839e+02 1.014235147590558768e+02 9.488994308898709562e+01 1.013050449037560838e+02 8.162887309853338991e+01
1.013050449037560838e+02 1.013050449037560838e+02 8.255539226983719914e+01 8.255539226983719914e+01 1.014235147590558768e+02 1.015419846143556839e+02 8.355458906243877948e+01 1.013050449037560838e+02 6.076833231699327875e-01 1.014235147590558768e+02
9.821596385167138976e+01 8.237440320166263064e+01 9.664241185258661915e+01 8.143784450903356742e+01 7.566785730074887795e+01 8.629393225610235163e+01 1.011573645905183412e+02 8.162887309853338991e+01 1.014235147590558768e+02 1.015419846143556839e+02
