8.058415252646301496e+01 9.632919050865541521e+01 5.925990723384907000e+01 9.835887265749190078e+01 7.354452764493713346e+01 7.513855589096004906e+01 9.632919050865541521e+01 1.019700233974675001e+02 9.914960695306146476e+01 4.988855697559172597e+01
9.632919050865541521e+01 2.423193140961162584e+01 9.632919050865541521e+01 9.492248997502996133e+01 5.571289078972674247e+01 9.835887265749190078e+01 2.075494369007298445e+01 1.019700233974675001e+02 6.007521526180214266e+01 9.632919050865541521e+01
5.925990723384907000e+01 9.632919050865541521e+01 8.058415252646301496e+01 9.835887265749190078e+01 7.141798382856948990e+01 8.407425224640383021e+01 9.632919050865541521e+01 1.019700233974675001e+02 9.914960695306146476e+01 6.775994968647928829e+01
9.835887265749190078e+01 9.492248997502994712e+01 9.835887265749190078e+01 1.003885548063283863e+02 9.664068131626092395e+01 8.166584369828731838e+01 9.492248997502994712e+01 1.019700233974675001e+02 9.844625668624873072e+01 9.835887265749190078e+01
7.354452764493713346e+01 5.571289078972674247e+01 7.141798382856950411e+01 9.664068131626093816e+01 9.632919050865541521e+01 9.442261316194380072e+01 5.805301008457835366e+01 1.019700233974675001e+02 7.809953003656309534e+01 8.845667151755921509e+01
7.513855589096004906e+01 9.835887265749190078e+01 8.407425224640383021e+01 8.166584369828731838e+01 9.442261316194380072e+01 1.003885548063283863e+02 9.835887265749190078e+01 1.019700233974675001e+02 1.001644480274797075e+02 5.657204410715367260e+01
9.632919050865541521e+01 2.075494369007298445e+01 9.632919050865541521e+01 9.492248997502996133e+01 5.805301008457835366e+01 9.835887265749190078e+01 2.423193140961162584e+01 1.019700233974675001e+02 6.087342652898439610e+01 9.632919050865541521e+01
1.019700233974675001e+02 1.019700233974675001e+02 1.019700233974675001e+02 1.019700233974675001e+02 1.019700233974675001e+02 1.019700233974675001e+02 1.019700233974675001e+02 6.929143675243662415e+01 7.224908451709191581e+01 1.019700233974675001e+02
9.914960695306146476e+01 6.007521526180214266e+01 9.914960695306146476e+01 9.844625668624873072e+01 7.809953003656309534e+01 1.001644480274797075e+02 6.087342652898439610e+01 7.224908451709191581e+01 1.019700233974675001e+02 9.914960695306146476e+01
4.988855697559172597e+01 9.632919050865541521e+01 6.775994968647928829e+01 9.835887265749190078e+01 8.845667151755921509e+01 5.657204410715367260e+01 9.632919050865541521e+01 1.019700233974675001e+02 9.914960695306146476e+01 7.863070171233803585e+00
