1.018911117042009806e+02 9.354418914876846713e+01 9.976030274873843950e+01 7.083482104527971046e+01 6.405613276079444063e+01 7.246551104361157059e+01 8.398324609025026177e+01 8.490769537050297799e+01 8.029340227687067966e+01 8.130338684014253658e+01
9.354418914876846713e+01 1.006035417228119400e+02 9.911651775804392628e+01 8.519726659333596785e+01 9.354418914876846713e+01 8.758784458376408111e+01 7.924092202833156762e+01 8.610283641727805559e+01 8.610283641727805559e+01 7.775591386184555631e+01
9.976030274873843950e+01 9.911651775804392628e+01 1.769606075964808412e+01 9.762949379327591259e+01 9.976030274873843950e+01 9.976030274873843950e+01 9.762949379327591259e+01 1.012473267135064532e+02 1.012473267135064532e+02 9.911651775804392628e+01
7.083482104527971046e+01 8.519726659333596785e+01 9.762949379327591259e+01 6.235976948873908299e+01 6.710109353629447071e+01 8.584105158403048108e+01 5.273798695197810105e+01 1.012473267135064532e+02 1.012473267135064532e+02 7.109865879092980379e+01
6.405613276079444063e+01 9.354418914876846713e+01 9.976030274873843950e+01 6.710109353629447071e+01 1.018911117042009806e+02 7.720455780576497773e+01 8.398324609025026177e+01 8.407938027142719761e+01 8.490769537050296378e+01 8.130338684014253658e+01
7.246551104361157059e+01 8.758784458376408111e+01 9.976030274873843950e+01 8.584105158403048108e+01 7.720455780576497773e+01 1.018911117042009806e+02 6.871814786887020432e+01 8.490769537050297799e+01 8.029340227687067966e+01 9.354418914876846713e+01
8.398324609025024756e+01 7.924092202833156762e+01 9.762949379327591259e+01 5.273798695197810105e+01 8.398324609025026177e+01 6.871814786887020432e+01 6.979099146385999575e+01 1.012473267135064532e+02 1.012473267135064532e+02 8.333946109955573434e+01
8.490769537050297799e+01 8.610283641727805559e+01 1.012473267135064532e+02 1.012473267135064532e+02 8.407938027142719761e+01 8.490769537050297799e+01 1.012473267135064532e+02 1.018911117042009806e+02 6.902481942313129082e+01 7.952298336124266598e+01
8.029340227687067966e+01 8.610283641727805559e+01 1.012473267135064532e+02 1.012473267135064532e+02 8.490769537050296378e+01 8.029340227687067966e+01 1.012473267135064532e+02 6.902481942313129082e+01 1.018911117042009806e+02 8.536445076613478022e+01
8.130338684014253658e+01 7.775591386184555631e+01 9.911651775804392628e+01 7.109865879092980379e+01 8.130338684014253658e+01 9.354418914876846713e+01 8.333946109955573434e+01 7.952298336124266598e+01 8.536445076613478022e+01 1.006035417228119400e+02
