1.010166767052777601e+02 7.300645680086387301e+01 9.499669450942735693e+01 8.095705082652141016e+01 6.086916650684702290e+01 7.866980067343754968e+01 7.889199529873873473e+01 8.052496109143169178e+01 9.833021242470996981e+01 9.579696230336904250e+01
7.300645680086385880e+01 1.010166767052777601e+02 9.499669450942735693e+01 9.266686855213627894e+01 6.139351500290118224e+01 7.804042397774247775e+01 9.346713634607795029e+01 9.033704259484520094e+01 9.833021242470996981e+01 9.579696230336904250e+01
9.499669450942735693e+01 9.499669450942735693e+01 8.115843595871113791e+01 7.711833700276638126e+01 8.897671231357696797e+01 9.532022132678477533e+01 9.659723009731072807e+01 1.010166767052777601e+02 7.579490124689509400e+01 7.269889039479933501e+01
8.095705082652141016e+01 9.266686855213627894e+01 7.711833700276638126e+01 1.010166767052777601e+02 9.499669450942735693e+01 9.833021242470996981e+01 8.175731862046308152e+01 8.052496109143169178e+01 8.240642400676544810e+01 7.460499103401251375e+01
6.086916650684702290e+01 6.139351500290118224e+01 8.897671231357696797e+01 9.499669450942735693e+01 3.320564129256187869e+01 6.171704182025858643e+01 9.659723009731072807e+01 1.010166767052777601e+02 9.532022132678477533e+01 9.057724790146032490e+01
7.866980067343754968e+01 7.804042397774246353e+01 9.532022132678477533e+01 9.833021242470996981e+01 6.171704182025858643e+01 1.016637303399925685e+02 9.913048021865165538e+01 1.013402035226351643e+02 7.495949825621576679e+01 9.612048912072644669e+01
7.889199529873873473e+01 9.346713634607796450e+01 9.659723009731072807e+01 8.175731862046309573e+01 9.659723009731072807e+01 9.913048021865164117e+01 1.010166767052777601e+02 8.052496109143169178e+01 9.913048021865164117e+01 7.840251084474665788e+01
8.052496109143169178e+01 9.033704259484520094e+01 1.010166767052777601e+02 8.052496109143169178e+01 1.010166767052777601e+02 1.013402035226351643e+02 8.052496109143169178e+01 3.123529281619487619e-01 1.013402035226351643e+02 1.010166767052777601e+02
9.833021242470996981e+01 9.833021242470996981e+01 7.579490124689509400e+01 8.240642400676543389e+01 9.532022132678477533e+01 7.495949825621576679e+01 9.913048021865164117e+01 1.013402035226351643e+02 1.016637303399925685e+02 8.019670070278192497e+01
9.579696230336904250e+01 9.579696230336904250e+01 7.269889039479934922e+01 7.460499103401251375e+01 9.057724790146033911e+01 9.612048912072644669e+01 7.840251084474665788e+01 1.010166767052777601e+02 8.019670070278192497e+01 9.217778348934368182e+01
