1.002548207866861958e+02 7.259758913019153681e+01 8.906300327243485526e+01 9.761730322555037276e+01 8.170375798640304765e+01 9.404414797686904137e+01 9.120678757869720243e+01 9.923814798423840955e+01 9.792929406599158426e+01 9.404414797686904137e+01
7.259758913019153681e+01 7.438846219246312330e+01 7.681965932077999071e+01 9.497978566441454973e+01 1.005107376254248095e+02 7.045330740746202025e+01 7.165677220191354024e+01 1.005107376254248095e+02 9.534785050655835903e+01 7.045330740746202025e+01
8.906300327243485526e+01 7.681965932077999071e+01 1.002548207866861958e+02 9.761730322555037276e+01 9.578550975972923709e+01 8.354216580807437253e+01 7.476845758193582014e+01 9.923814798423840955e+01 9.792929406599158426e+01 8.354216580807437253e+01
9.761730322555037276e+01 9.497978566441454973e+01 9.761730322555037276e+01 1.000305247798758046e+02 1.005107376254248095e+02 9.787322006428898646e+01 7.928414304808269719e+01 1.005107376254248095e+02 7.651526001036117464e+01 9.787322006428898646e+01
8.170375798640304765e+01 1.005107376254248095e+02 9.578550975972923709e+01 1.005107376254248095e+02 1.007666544641634232e+02 9.820488103485351417e+01 1.005107376254248095e+02 9.693229139366711422e+01 9.820488103485351417e+01 8.927894739970297167e+01
9.404414797686904137e+01 7.045330740746202025e+01 8.354216580807437253e+01 9.787322006428898646e+01 9.820488103485351417e+01 1.007666544641634232e+02 8.096072224864114730e+01 8.307141480193055827e+01 7.910103452215334130e+01 7.357349801319605831e+01
9.120678757869720243e+01 7.165677220191352603e+01 7.476845758193582014e+01 7.928414304808269719e+01 1.005107376254248095e+02 8.096072224864114730e+01 8.992904654895328065e+01 1.005107376254248095e+02 7.965220789022650649e+01 8.096072224864114730e+01
9.923814798423840955e+01 1.005107376254248095e+02 9.923814798423840955e+01 1.005107376254248095e+02 9.693229139366711422e+01 8.307141480193055827e+01 1.005107376254248095e+02 1.007666544641634232e+02 8.307141480193055827e+01 9.820488103485351417e+01
9.792929406599158426e+01 9.534785050655835903e+01 9.792929406599158426e+01 7.651526001036117464e+01 9.820488103485351417e+01 7.910103452215334130e+01 7.965220789022650649e+01 8.307141480193055827e+01 1.007666544641634232e+02 9.562343747542028893e+01
9.404414797686904137e+01 7.045330740746202025e+01 8.354216580807437253e+01 9.787322006428898646e+01 8.927894739970297167e+01 7.357349801319605831e+01 8.096072224864114730e+01 9.820488103485351417e+01 9.562343747542028893e+01 1.007666544641634232e+02
