1.951286404047883849e+01 1.049111472523340041e+02 1.031119542023067481e+02 8.662062235664571119e+01 1.031119542023067481e+02 1.025882011828121847e+02 1.031119542023067481e+02 1.013127611522795064e+02 1.002652551132903511e+02 1.007890081327849288e+02
1.049111472523340041e+02 2.542622764792279000e+00 1.027836322585053210e+02 6.420180250628682472e+01 8.152280605971881755e+01 6.719923498515457538e+01 1.027836322585053210e+02 1.049111472523340041e+02 1.049111472523340041e+02 1.049111472523340041e+02
1.031119542023067481e+02 1.027836322585053210e+02 1.049111472523340041e+02 1.029477932304060346e+02 9.629013670640620148e+01 1.029477932304060346e+02 6.374324722372883656e+01 6.445824985244222205e+01 1.031119542023067481e+02 8.561212473995988148e+01
8.662062235664571119e+01 6.420180250628682472e+01 1.029477932304060346e+02 1.049111472523340041e+02 9.231738013101278284e+01 8.489371808398337294e+01 1.029477932304060346e+02 1.031119542023067481e+02 1.025882011828121847e+02 1.028500776925594664e+02
1.031119542023067481e+02 8.152280605971881755e+01 9.629013670640620148e+01 9.231738013101278284e+01 1.049111472523340041e+02 9.231738013101278284e+01 9.629013670640620148e+01 8.979664115430708193e+01 1.031119542023067481e+02 9.645429767830691503e+01
1.025882011828121847e+02 6.719923498515457538e+01 1.029477932304060346e+02 8.489371808398337294e+01 9.231738013101278284e+01 1.049111472523340041e+02 1.029477932304060346e+02 1.031119542023067481e+02 6.056166073826350527e+01 7.849464056953004842e+01
1.031119542023067481e+02 1.027836322585053210e+02 6.374324722372883656e+01 1.029477932304060346e+02 9.629013670640620148e+01 1.029477932304060346e+02 1.049111472523340041e+02 6.520087275043735531e+01 1.031119542023067481e+02 8.152377471085715399e+01
1.013127611522795064e+02 1.049111472523340041e+02 6.445824985244222205e+01 1.031119542023067481e+02 8.979664115430708193e+01 1.031119542023067481e+02 6.520087275043735531e+01 3.131344330289203981e+01 1.013127611522795064e+02 6.340167970041011358e+01
1.002652551132903511e+02 1.049111472523340041e+02 1.031119542023067481e+02 1.025882011828121847e+02 1.031119542023067481e+02 6.056166073826351237e+01 1.031119542023067481e+02 1.013127611522795064e+02 2.958084182721333377e+01 5.849654918053759900e+01
1.007890081327849146e+02 1.049111472523340041e+02 8.561212473995988148e+01 1.028500776925594664e+02 9.645429767830691503e+01 7.849464056953004842e+01 8.152377471085715399e+01 6.340167970041011358e+01 5.849654918053760611e+01 1.013127611522795064e+02
