3.084777833888287546e+01 8.159194760847941552e+01 8.545470645277737276e+01 8.943414691502827907e+01 6.948954827402043577e+01 1.001043956723175370e+02 9.277955106254745488e+01 1.001043956723175370e+02 1.001043956723175370e+02 1.001043956723175370e+02
8.159194760847941552e+01 8.545470645277737276e+01 4.670539163409995354e+01 8.713677600400508538e+01 9.084817164039847626e+01 1.001043956723175370e+02 7.464194212332675704e+01 1.001043956723175370e+02 1.001043956723175370e+02 1.001043956723175370e+02
8.545470645277737276e+01 4.670539163409995354e+01 1.290427069589459386e+01 9.329690575932625052e+01 9.277955106254745488e+01 1.001043956723175370e+02 5.608444365192393377e+01 1.001043956723175370e+02 1.001043956723175370e+02 1.001043956723175370e+02
8.943414691502827907e+01 8.713677600400508538e+01 9.329690575932625052e+01 1.011391050658751141e+02 9.502794864206231296e+01 1.006217503690963326e+02 9.695932806421129158e+01 1.006217503690963326e+02 1.006217503690963326e+02 1.006217503690963326e+02
6.948954827402043577e+01 9.084817164039847626e+01 9.277955106254745488e+01 9.502794864206231296e+01 1.001043956723175370e+02 8.081919054196109187e+01 9.176715228073507546e+01 7.088362758499948768e+01 7.088362758499948768e+01 7.532552570427375827e+01
1.001043956723175370e+02 1.001043956723175370e+02 1.001043956723175370e+02 1.006217503690963326e+02 8.081919054196109187e+01 8.140511132552782669e+01 8.143883788859437800e+01 5.363993868381540864e+01 5.387356672289698167e+01 6.556242597298668784e+01
9.277955106254745488e+01 7.464194212332675704e+01 5.608444365192394088e+01 9.695932806421129158e+01 9.176715228073507546e+01 8.143883788859437800e+01 1.001043956723175370e+02 9.075475349892269605e+01 9.075475349892269605e+01 9.075475349892269605e+01
1.001043956723175370e+02 1.001043956723175370e+02 1.001043956723175370e+02 1.006217503690963326e+02 7.088362758499948768e+01 5.363993868381540864e+01 9.075475349892268184e+01 1.763022856522455939e+01 2.634202212026614376e+01 4.971974062044554898e+01
1.001043956723175370e+02 1.001043956723175370e+02 1.001043956723175370e+02 1.006217503690963326e+02 7.088362758499948768e+01 5.387356672289698167e+01 9.075475349892268184e+01 2.634202212026614376e+01 2.602586430848004895e+00 4.971974062044554898e+01
1.001043956723175370e+02 1.001043956723175370e+02 1.001043956723175370e+02 1.006217503690963326e+02 7.532552570427375827e+01 6.556242597298668784e+01 9.075475349892268184e+01 4.971974062044554898e+01 4.971974062044554898e+01 5.943045197477849229e+01
