1.022377279341965277e+02 7.447616000742995368e+01 8.498177533497349145e+01 7.484684255740594949e+01 8.820315050826155812e+01 1.019327865289777435e+02 9.014529441411669097e+01 1.015268581628043876e+02 7.447351448754535852e+01 8.010969914154395610e+01
7.447616000742995368e+01 1.022377279341965277e+02 7.632010295949828560e+01 7.484684255740594949e+01 9.102124283526084980e+01 1.019327865289777435e+02 9.014529441411669097e+01 1.015268581628043876e+02 8.010969914154395610e+01 7.689389309008454632e+01
8.498177533497349145e+01 7.632010295949828560e+01 1.000041316590655498e+02 7.373004441984045343e+01 1.022377279341965277e+02 1.022377279341965277e+02 8.973936604794333505e+01 8.288819721806694929e+01 1.022377279341965277e+02 1.022377279341965277e+02
7.484684255740594949e+01 7.484684255740594949e+01 7.373004441984045343e+01 5.447787666431473497e+01 1.022377279341965277e+02 1.022377279341965277e+02 6.622810652455238767e+01 1.011209297966310316e+02 1.022377279341965277e+02 1.022377279341965277e+02
8.820315050826155812e+01 9.102124283526084980e+01 1.022377279341965277e+02 1.022377279341965277e+02 1.016278451237589735e+02 6.182288430663905388e+01 8.203030612041779079e+01 9.688432819939934859e+01 5.704503507560040987e+01 7.980475773632517189e+01
1.019327865289777435e+02 1.019327865289777435e+02 1.022377279341965277e+02 1.022377279341965277e+02 6.182288430663906098e+01 1.369831368253048076e+01 5.977417649044558345e+01 9.183586986982095368e+01 1.016278451237589735e+02 1.016278451237589735e+02
9.014529441411669097e+01 9.014529441411669097e+01 8.973936604794333505e+01 6.622810652455238767e+01 8.203030612041779079e+01 5.977417649044558345e+01 1.022377279341965277e+02 9.647839983322599267e+01 1.019327865289777435e+02 1.019327865289777435e+02
1.015268581628043876e+02 1.015268581628043876e+02 8.288819721806694929e+01 1.011209297966310316e+02 9.688432819939934859e+01 9.183586986982095368e+01 9.647839983322599267e+01 1.022377279341965277e+02 1.019327865289777435e+02 1.019327865289777435e+02
7.447351448754535852e+01 8.010969914154395610e+01 1.022377279341965277e+02 1.022377279341965277e+02 5.704503507560040987e+01 1.016278451237589735e+02 1.019327865289777435e+02 1.019327865289777435e+02 1.565218021091057921e+01 5.798167034889138449e+01
8.010969914154395610e+01 7.689389309008453210e+01 1.022377279341965277e+02 1.022377279341965277e+02 7.980475773632517189e+01 1.016278451237589735e+02 1.019327865289777435e+02 1.019327865289777435e+02 5.798167034889138449e+01 4.114694975053515003e-01
