4.495062225182850923e+00 7.531879615867123334e+01 6.575917727824572978e+01 6.575917727824572978e+01 6.575917727824572978e+01 1.030757250835686989e+02 1.030757250835686989e+02 8.441745118090722144e+01 1.030757250835686989e+02 8.441745118090722144e+01
7.531879615867123334e+01 8.487841503909675112e+01 4.349445535416822395e+01 5.686404789782637437e+01 6.275128042192595501e+01 1.030757250835686989e+02 1.030757250835686989e+02 7.702627022864774631e+01 1.030757250835686989e+02 7.911680027372919710e+01
6.575917727824572978e+01 4.349445535416822395e+01 3.330268300621342714e+00 2.884968075655599762e+01 4.062414580475515180e+01 1.030757250835686989e+02 1.030757250835686989e+02 6.007547039596276761e+01 1.030757250835686989e+02 6.425653048612568341e+01
6.575917727824572978e+01 5.686404789782637437e+01 2.884968075655599762e+01 4.062414580475515180e+01 3.591671734746785916e+01 1.030757250835686989e+02 1.030757250835686989e+02 6.267330370009812412e+01 1.030757250835686989e+02 6.805323296514380615e+01
6.575917727824572978e+01 6.275128042192595501e+01 4.062414580475515180e+01 3.591671734746785916e+01 9.453247714260003320e+00 1.030757250835686989e+02 1.030757250835686989e+02 7.184993544416192890e+01 1.030757250835686989e+02 7.184993544416192890e+01
1.030757250835686989e+02 1.030757250835686989e+02 1.030757250835686989e+02 1.030757250835686989e+02 1.030757250835686989e+02 4.491990579255192628e+00 8.412166296061201365e+01 5.504331875543557828e+01 9.505789468977674517e+00 6.075858016282587926e+01
1.030757250835686989e+02 1.030757250835686989e+02 1.030757250835686989e+02 1.030757250835686989e+02 1.030757250835686989e+02 8.412166296061201365e+01 2.777277775104399993e+01 9.359869402209035627e+01 8.412166296061201365e+01 9.359869402209037048e+01
8.441745118090722144e+01 7.702627022864774631e+01 6.007547039596276761e+01 6.267330370009812412e+01 7.184993544416192890e+01 5.504331875543557118e+01 9.359869402209037048e+01 1.030757250835686989e+02 5.629075727627318315e+01 6.250755532447578133e+01
1.030757250835686989e+02 1.030757250835686989e+02 1.030757250835686989e+02 1.030757250835686989e+02 1.030757250835686989e+02 9.505789468977674517e+00 8.412166296061201365e+01 5.629075727627318315e+01 5.854926998874236954e-01 6.075858016282587926e+01
8.441745118090722144e+01 7.911680027372921131e+01 6.425653048612568341e+01 6.805323296514380615e+01 7.184993544416192890e+01 6.075858016282587926e+01 9.359869402209035627e+01 6.250755532447578133e+01 6.075858016282587926e+01 1.030757250835686989e+02
