2.085596095107966175e+00 1.081056457363179106e+02 1.050218967822848271e+02 1.050218967822848271e+02 1.050218967822848271e+02 1.050218967822848271e+02 1.041089097027484911e+02 1.056507841797650258e+02 1.041089097027484911e+02 1.065637712593013759e+02
1.081056457363179106e+02 2.385392215951585015e-01 1.081056457363179106e+02 1.081056457363179106e+02 1.081056457363179106e+02 1.081056457363179106e+02 1.081056457363179106e+02 6.078579942895964194e+01 1.081056457363179106e+02 8.221722826894551872e+01
1.050218967822848271e+02 1.081056457363179106e+02 7.853147173796000580e+00 1.000210930584388223e+02 2.393884516784808625e+01 1.000210930584388223e+02 1.025214949203618175e+02 1.065637712593013759e+02 5.501175938204186622e+01 6.008681156921180389e+01
1.050218967822848271e+02 1.081056457363179106e+02 1.000210930584388223e+02 5.690960023485439478e+01 1.000210930584388223e+02 3.832773792384514877e+01 8.550674335005541593e+01 1.065637712593013759e+02 1.025214949203618175e+02 1.040633693973783807e+02
1.050218967822848271e+02 1.081056457363179106e+02 2.393884516784808625e+01 1.000210930584388223e+02 3.580971293359047536e+01 1.000210930584388223e+02 1.025214949203618175e+02 1.065637712593013759e+02 6.448037097506644955e+01 6.554380565451562290e+01
1.050218967822848271e+02 1.081056457363179106e+02 1.000210930584388223e+02 3.832773792384514877e+01 1.000210930584388223e+02 5.690960023485439478e+01 8.550674335005541593e+01 1.065637712593013759e+02 1.025214949203618175e+02 1.040633693973783807e+02
1.041089097027484911e+02 1.081056457363179106e+02 1.025214949203618318e+02 8.550674335005541593e+01 1.025214949203618318e+02 8.550674335005541593e+01 1.050218967822848271e+02 9.431686389071720100e+01 9.152478848273916867e+01 1.053135703283398783e+02
1.056507841797650258e+02 6.078579942895964194e+01 1.065637712593013759e+02 1.065637712593013759e+02 1.065637712593013759e+02 1.065637712593013759e+02 9.431686389071720100e+01 1.081056457363179106e+02 8.355820738319333429e+01 9.439049976412344733e+01
1.041089097027484911e+02 1.081056457363179106e+02 5.501175938204186622e+01 1.025214949203618318e+02 6.448037097506646376e+01 1.025214949203618318e+02 9.152478848273916867e+01 8.355820738319333429e+01 1.050218967822848271e+02 8.332529141425658281e+01
1.065637712593013759e+02 8.221722826894551872e+01 6.008681156921180389e+01 1.040633693973783664e+02 6.554380565451562290e+01 1.040633693973783664e+02 1.053135703283398641e+02 9.439049976412344733e+01 8.332529141425658281e+01 1.081056457363179106e+02
