1.007883116322571055e+02 9.669459482543621220e+01 9.131919322239237147e+01 8.517621427448511895e+01 8.144262034905567305e+01 8.011971134500869596e+01 7.280991385774358093e+01 8.517621427448511895e+01 8.275186697115188394e+01 9.518827986049279843e+01
9.669459482543621220e+01 1.052003454465004637e+02 1.013312588084000510e+02 1.029943285393787846e+02 7.278021759429002202e+01 8.572454956682850025e+01 9.800384144753242310e+01 1.029943285393787846e+02 9.170410773358985068e+01 8.572454956682850025e+01
9.131919322239237147e+01 1.013312588084000510e+02 1.007883116322571055e+02 7.889418579557840872e+01 9.746217217029963820e+01 9.518827986049278422e+01 9.131919322239238568e+01 7.163462046062035427e+01 9.746217217029963820e+01 9.204726562103944332e+01
8.517621427448511895e+01 1.029943285393787846e+02 7.889418579557840872e+01 2.649099632095468593e+01 1.007883116322571055e+02 8.738223118160678382e+01 8.517621427448511895e+01 4.584801285705654550e+01 1.007883116322571055e+02 6.994815560085692141e+01
8.144262034905567305e+01 7.278021759429002202e+01 9.746217217029963820e+01 1.007883116322571055e+02 7.558937677648681586e+01 1.029943285393787846e+02 9.080733744856439671e+01 1.007883116322571055e+02 6.154069855724032578e+01 1.029943285393787846e+02
8.011971134500869596e+01 8.572454956682850025e+01 9.518827986049278422e+01 8.738223118160678382e+01 1.029943285393787846e+02 1.052003454465004637e+02 8.011971134500869596e+01 8.738223118160678382e+01 1.029943285393787846e+02 7.151363766958786528e+01
7.280991385774358093e+01 9.800384144753243731e+01 9.131919322239237147e+01 8.517621427448511895e+01 9.080733744856439671e+01 8.011971134500869596e+01 1.007883116322571055e+02 8.517621427448511895e+01 7.297100249141533368e+01 9.518827986049278422e+01
8.517621427448511895e+01 1.029943285393787846e+02 7.163462046062035427e+01 4.584801285705655260e+01 1.007883116322571055e+02 8.738223118160678382e+01 8.517621427448511895e+01 5.700005995889971189e+01 1.007883116322571055e+02 7.427964126364061315e+01
8.275186697115189816e+01 9.170410773358986489e+01 9.746217217029963820e+01 1.007883116322571055e+02 6.154069855724031868e+01 1.029943285393787846e+02 7.297100249141533368e+01 1.007883116322571055e+02 8.082636326487168787e+01 1.029943285393787846e+02
9.518827986049279843e+01 8.572454956682850025e+01 9.204726562103944332e+01 6.994815560085692141e+01 1.029943285393787846e+02 7.151363766958786528e+01 9.518827986049278422e+01 7.427964126364061315e+01 1.029943285393787846e+02 1.052003454465004637e+02
