1.028638030302065403e+02 1.015460963368655314e+02 1.010415670355008331e+02 8.785294606800164274e+01 8.493280232361470894e+01 1.020221694142491344e+02 1.000387995491174564e+02 8.176689665700561704e+01 7.956514134435278152e+01 7.664140384928811045e+01
1.015460963368655314e+02 1.011805357982917144e+02 8.014350868069732314e+01 1.002283896435245083e+02 1.028638030302065403e+02 5.902506579380228402e+01 1.015460963368655314e+02 1.002283896435245083e+02 1.015460963368655314e+02 1.002283896435245083e+02
1.010415670355008331e+02 8.014350868069732314e+01 1.028638030302065403e+02 1.010700232594819283e+02 1.010131108115197094e+02 1.020221694142491344e+02 8.005235416714859298e+01 1.010700232594819283e+02 1.010415670355008189e+02 1.010700232594819283e+02
8.785294606800164274e+01 1.002283896435245083e+02 1.010700232594819283e+02 9.526517354322382403e+01 1.028638030302065403e+02 1.011805357982917144e+02 8.115487865900946929e+01 7.796758191351425182e+01 8.852139830151622846e+01 5.780003615390911875e+01
8.493280232361470894e+01 1.028638030302065403e+02 1.010131108115197094e+02 1.028638030302065403e+02 7.456345751947570477e+01 1.028638030302065403e+02 1.010131108115197094e+02 1.028638030302065403e+02 7.086469972507751436e+01 1.028638030302065403e+02
1.020221694142491344e+02 5.902506579380228402e+01 1.020221694142491344e+02 1.011805357982917144e+02 1.028638030302065403e+02 3.222629556973478060e+01 1.020221694142491344e+02 1.011805357982917144e+02 1.020221694142491344e+02 1.011805357982917144e+02
1.000387995491174564e+02 1.015460963368655314e+02 8.005235416714859298e+01 8.115487865900948350e+01 1.010131108115197094e+02 1.020221694142491344e+02 1.028638030302065403e+02 9.906448828671517504e+01 1.000387995491174422e+02 9.906448828671517504e+01
8.176689665700561704e+01 1.002283896435245083e+02 1.010700232594819283e+02 7.796758191351426603e+01 1.028638030302065403e+02 1.011805357982917144e+02 9.906448828671517504e+01 6.824716696518134995e+01 7.569364434524638341e+01 6.066999028380468673e+01
7.956514134435279573e+01 1.015460963368655314e+02 1.010415670355008331e+02 8.852139830151622846e+01 7.086469972507750015e+01 1.020221694142491344e+02 1.000387995491174422e+02 7.569364434524638341e+01 1.028638030302065403e+02 7.797830831631728188e+01
7.664140384928811045e+01 1.002283896435245083e+02 1.010700232594819283e+02 5.780003615390912586e+01 1.028638030302065403e+02 1.011805357982917144e+02 9.906448828671517504e+01 6.066999028380467962e+01 7.797830831631728188e+01 6.138610097232736429e+00
