1.049055988359310874e+02 7.146672102528367532e+01 8.110575520863088173e+01 6.742766485935331389e+01 1.027952409218402039e+02 1.030104981988301489e+02 1.030104981988301489e+02 1.030104981988301489e+02 1.030104981988301489e+02 1.030104981988301489e+02
7.146672102528367532e+01 1.049055988359310874e+02 9.395014120157730986e+01 6.564704462638468385e+01 1.027952409218402039e+02 1.030104981988301489e+02 1.030104981988301489e+02 1.030104981988301489e+02 1.030104981988301489e+02 1.030104981988301489e+02
8.110575520863088173e+01 9.395014120157730986e+01 1.024210790031051772e+02 1.049055988359310874e+02 1.033369185591741370e+02 1.017682382824172009e+02 1.017682382824172009e+02 1.017682382824172009e+02 1.017682382824172009e+02 1.017682382824172009e+02
6.742766485935331389e+01 6.564704462638469806e+01 1.049055988359310874e+02 4.741206346762045598e+01 1.025799836448502731e+02 1.049055988359310874e+02 1.049055988359310874e+02 1.049055988359310874e+02 1.049055988359310874e+02 1.049055988359310874e+02
1.027952409218402181e+02 1.027952409218402181e+02 1.033369185591741370e+02 1.025799836448502731e+02 1.049055988359310874e+02 1.027989390610148348e+02 8.222779387924256866e+01 8.652427387666024572e+01 1.027989390610148348e+02 9.466160646883753316e+01
1.030104981988301489e+02 1.030104981988301489e+02 1.017682382824172009e+02 1.049055988359310874e+02 1.027989390610148348e+02 7.881849235440447465e+00 8.553122179087792176e+01 1.006922792860985680e+02 3.736156317359816370e+01 5.402976564052649167e+01
1.030104981988301489e+02 1.030104981988301489e+02 1.017682382824172009e+02 1.049055988359310874e+02 8.222779387924256866e+01 8.553122179087793597e+01 1.006922792860985680e+02 8.441761410174399316e+01 7.233558608137528267e+01 8.497441794631095036e+01
1.030104981988301489e+02 1.030104981988301489e+02 1.017682382824172009e+02 1.049055988359310874e+02 8.652427387666024572e+01 1.006922792860985680e+02 8.441761410174399316e+01 1.462291795940430461e+01 1.006922792860985680e+02 5.702038362750881362e+01
1.030104981988301489e+02 1.030104981988301489e+02 1.017682382824172009e+02 1.049055988359310874e+02 1.027989390610148348e+02 3.736156317359815660e+01 7.233558608137528267e+01 1.006922792860985680e+02 7.037016429565728970e+01 6.965184440558070378e+01
1.030104981988301489e+02 1.030104981988301489e+02 1.017682382824172009e+02 1.049055988359310874e+02 9.466160646883753316e+01 5.402976564052649167e+01 8.497441794631095036e+01 5.702038362750881362e+01 6.965184440558070378e+01 1.006922792860985680e+02
